sub,eye,roi,window,compare,cond,value
sub001,open,V1d,stim500pre,accuracy,correct,0.259085658808828
sub001,open,V1d,stim500pre,accuracy,incorrect,0.283186237964755
sub001,open,V1d,stim500pre,accuracy_e,correct_e,-0.0569369547229948
sub001,open,V1d,stim500pre,accuracy_e,incorrect_e,0.283186237964755
sub001,open,V1d,stim500pre,rt,fast,0.345044623999563
sub001,open,V1d,stim500pre,rt,slow,0.202794914885927
sub001,open,V1v,stim500pre,accuracy,correct,0.129709675518388
sub001,open,V1v,stim500pre,accuracy,incorrect,0.0960828949382216
sub001,open,V1v,stim500pre,accuracy_e,correct_e,0.166461920482603
sub001,open,V1v,stim500pre,accuracy_e,incorrect_e,0.0960828949382216
sub001,open,V1v,stim500pre,rt,fast,0.193430021286109
sub001,open,V1v,stim500pre,rt,slow,0.0782162431651839
sub001,open,V2d,stim500pre,accuracy,correct,0.241788322804425
sub001,open,V2d,stim500pre,accuracy,incorrect,0.526600092014123
sub001,open,V2d,stim500pre,accuracy_e,correct_e,-0.145121374347251
sub001,open,V2d,stim500pre,accuracy_e,incorrect_e,0.526600092014123
sub001,open,V2d,stim500pre,rt,fast,0.35968777203489
sub001,open,V2d,stim500pre,rt,slow,0.158834975621483
sub001,open,V3a,stim500pre,accuracy,correct,0.0425598432314173
sub001,open,V3a,stim500pre,accuracy,incorrect,0.164772613090524
sub001,open,V3a,stim500pre,accuracy_e,correct_e,0.307871348806694
sub001,open,V3a,stim500pre,accuracy_e,incorrect_e,0.164772613090524
sub001,open,V3a,stim500pre,rt,fast,0.154283344843159
sub001,open,V3a,stim500pre,rt,slow,-0.0519111648404432
sub001,open,V3b,stim500pre,accuracy,correct,-0.00223807909227066
sub001,open,V3b,stim500pre,accuracy,incorrect,0.498424207112918
sub001,open,V3b,stim500pre,accuracy_e,correct_e,0.134573035870852
sub001,open,V3b,stim500pre,accuracy_e,incorrect_e,0.498424207112918
sub001,open,V3b,stim500pre,rt,fast,-0.0823678829901481
sub001,open,V3b,stim500pre,rt,slow,0.0881004687657562
sub001,open,V3d,stim500pre,accuracy,correct,0.0992394113520086
sub001,open,V3d,stim500pre,accuracy,incorrect,-0.0330739636960235
sub001,open,V3d,stim500pre,accuracy_e,correct_e,0.24677130038459
sub001,open,V3d,stim500pre,accuracy_e,incorrect_e,-0.0330739636960235
sub001,open,V3d,stim500pre,rt,fast,0.226793931673815
sub001,open,V3d,stim500pre,rt,slow,-0.0116934445102197
sub001,open,V3v,stim500pre,accuracy,correct,0.112348931949365
sub001,open,V3v,stim500pre,accuracy,incorrect,0.156763889888009
sub001,open,V3v,stim500pre,accuracy_e,correct_e,0.167869971855477
sub001,open,V3v,stim500pre,accuracy_e,incorrect_e,0.156763889888009
sub001,open,V3v,stim500pre,rt,fast,0.286390154805801
sub001,open,V3v,stim500pre,rt,slow,-0.0497375555115351
sub001,closed,V1d,stim500pre,accuracy,correct,0.0467206332989521
sub001,closed,V1d,stim500pre,accuracy,incorrect,0.243748517598722
sub001,closed,V1d,stim500pre,accuracy_e,correct_e,-0.205917936889059
sub001,closed,V1d,stim500pre,accuracy_e,incorrect_e,0.243748517598722
sub001,closed,V1d,stim500pre,rt,fast,0.12026202871229
sub001,closed,V1d,stim500pre,rt,slow,-0.0216684277707248
sub001,closed,V1v,stim500pre,accuracy,correct,0.0312926216804457
sub001,closed,V1v,stim500pre,accuracy,incorrect,0.0515420828518693
sub001,closed,V1v,stim500pre,accuracy_e,correct_e,-0.370571926001932
sub001,closed,V1v,stim500pre,accuracy_e,incorrect_e,0.0515420828518693
sub001,closed,V1v,stim500pre,rt,fast,0.00385265130195113
sub001,closed,V1v,stim500pre,rt,slow,0.0627331732331449
sub001,closed,V2d,stim500pre,accuracy,correct,-0.0691061608692058
sub001,closed,V2d,stim500pre,accuracy,incorrect,0.117695616350774
sub001,closed,V2d,stim500pre,accuracy_e,correct_e,-0.176799765499029
sub001,closed,V2d,stim500pre,accuracy_e,incorrect_e,0.117695616350774
sub001,closed,V2d,stim500pre,rt,fast,0.0525510981688105
sub001,closed,V2d,stim500pre,rt,slow,-0.176379092102702
sub001,closed,V3a,stim500pre,accuracy,correct,-0.0871076202108115
sub001,closed,V3a,stim500pre,accuracy,incorrect,-0.156288875067154
sub001,closed,V3a,stim500pre,accuracy_e,correct_e,-0.378072759349053
sub001,closed,V3a,stim500pre,accuracy_e,incorrect_e,-0.156288875067154
sub001,closed,V3a,stim500pre,rt,fast,-0.183739185125672
sub001,closed,V3a,stim500pre,rt,slow,-0.0187346795981631
sub001,closed,V3b,stim500pre,accuracy,correct,-0.0615214856019271
sub001,closed,V3b,stim500pre,accuracy,incorrect,-0.269018669384343
sub001,closed,V3b,stim500pre,accuracy_e,correct_e,0.0437500046534868
sub001,closed,V3b,stim500pre,accuracy_e,incorrect_e,-0.269018669384343
sub001,closed,V3b,stim500pre,rt,fast,-0.160641065138715
sub001,closed,V3b,stim500pre,rt,slow,0.0452765592710341
sub001,closed,V3d,stim500pre,accuracy,correct,-0.0785401653169948
sub001,closed,V3d,stim500pre,accuracy,incorrect,-0.179718496118782
sub001,closed,V3d,stim500pre,accuracy_e,correct_e,-0.566068376699185
sub001,closed,V3d,stim500pre,accuracy_e,incorrect_e,-0.179718496118782
sub001,closed,V3d,stim500pre,rt,fast,-0.000795044785977723
sub001,closed,V3d,stim500pre,rt,slow,-0.156563958076576
sub001,closed,V3v,stim500pre,accuracy,correct,-0.0222149301208607
sub001,closed,V3v,stim500pre,accuracy,incorrect,-0.154640080270311
sub001,closed,V3v,stim500pre,accuracy_e,correct_e,-0.365568574030672
sub001,closed,V3v,stim500pre,accuracy_e,incorrect_e,-0.154640080270311
sub001,closed,V3v,stim500pre,rt,fast,-0.00375174269744903
sub001,closed,V3v,stim500pre,rt,slow,-0.0339920667761233
sub002,open,V1d,stim500pre,accuracy,correct,-0.138927840197723
sub002,open,V1d,stim500pre,accuracy,incorrect,0.219670884903356
sub002,open,V1d,stim500pre,accuracy_e,correct_e,-0.522733185854623
sub002,open,V1d,stim500pre,accuracy_e,incorrect_e,0.219670884903356
sub002,open,V1d,stim500pre,rt,fast,-0.115734067313496
sub002,open,V1d,stim500pre,rt,slow,-0.151422064028835
sub002,open,V1v,stim500pre,accuracy,correct,-0.188671041363505
sub002,open,V1v,stim500pre,accuracy,incorrect,-0.102778720115699
sub002,open,V1v,stim500pre,accuracy_e,correct_e,-0.443123336987807
sub002,open,V1v,stim500pre,accuracy_e,incorrect_e,-0.102778720115699
sub002,open,V1v,stim500pre,rt,fast,-0.150091622473186
sub002,open,V1v,stim500pre,rt,slow,-0.223133721668204
sub002,open,V2d,stim500pre,accuracy,correct,-0.0559053375340362
sub002,open,V2d,stim500pre,accuracy,incorrect,0.0176491321359327
sub002,open,V2d,stim500pre,accuracy_e,correct_e,-0.426371339975484
sub002,open,V2d,stim500pre,accuracy_e,incorrect_e,0.0176491321359327
sub002,open,V2d,stim500pre,rt,fast,0.0485476561031862
sub002,open,V2d,stim500pre,rt,slow,-0.130283874207501
sub002,open,V3a,stim500pre,accuracy,correct,0.0228284651796334
sub002,open,V3a,stim500pre,accuracy,incorrect,0.199330124877877
sub002,open,V3a,stim500pre,accuracy_e,correct_e,0.0984544478105764
sub002,open,V3a,stim500pre,accuracy_e,incorrect_e,0.199330124877877
sub002,open,V3a,stim500pre,rt,fast,0.102642852506617
sub002,open,V3a,stim500pre,rt,slow,-0.048591622142736
sub002,open,V3b,stim500pre,accuracy,correct,-0.0687735977326438
sub002,open,V3b,stim500pre,accuracy,incorrect,0.0848164301946275
sub002,open,V3b,stim500pre,accuracy_e,correct_e,-0.123110997332208
sub002,open,V3b,stim500pre,accuracy_e,incorrect_e,0.0848164301946275
sub002,open,V3b,stim500pre,rt,fast,-0.0663709788740679
sub002,open,V3b,stim500pre,rt,slow,-0.0704626772124215
sub002,open,V3d,stim500pre,accuracy,correct,-0.0205683142232893
sub002,open,V3d,stim500pre,accuracy,incorrect,0.300675626032133
sub002,open,V3d,stim500pre,accuracy_e,correct_e,-0.396571662137109
sub002,open,V3d,stim500pre,accuracy_e,incorrect_e,0.300675626032133
sub002,open,V3d,stim500pre,rt,fast,-0.075181757039525
sub002,open,V3d,stim500pre,rt,slow,0.0401328958905104
sub002,open,V3v,stim500pre,accuracy,correct,-0.111949539028771
sub002,open,V3v,stim500pre,accuracy,incorrect,0.229889870679931
sub002,open,V3v,stim500pre,accuracy_e,correct_e,-0.449936606282288
sub002,open,V3v,stim500pre,accuracy_e,incorrect_e,0.229889870679931
sub002,open,V3v,stim500pre,rt,fast,-0.14592285729382
sub002,open,V3v,stim500pre,rt,slow,-0.0702004161028016
sub002,closed,V1d,stim500pre,accuracy,correct,-0.0602826104674154
sub002,closed,V1d,stim500pre,accuracy,incorrect,0.00724256628548326
sub002,closed,V1d,stim500pre,accuracy_e,correct_e,0.00856109206755723
sub002,closed,V1d,stim500pre,accuracy_e,incorrect_e,0.00724256628548326
sub002,closed,V1d,stim500pre,rt,fast,0.0692309213653506
sub002,closed,V1d,stim500pre,rt,slow,-0.151975460099207
sub002,closed,V1v,stim500pre,accuracy,correct,-0.0209591198687291
sub002,closed,V1v,stim500pre,accuracy,incorrect,-0.0485648385092711
sub002,closed,V1v,stim500pre,accuracy_e,correct_e,0.0239031205331246
sub002,closed,V1v,stim500pre,accuracy_e,incorrect_e,-0.0485648385092711
sub002,closed,V1v,stim500pre,rt,fast,0.277767283190248
sub002,closed,V1v,stim500pre,rt,slow,-0.237844417961756
sub002,closed,V2d,stim500pre,accuracy,correct,0.11261029958223
sub002,closed,V2d,stim500pre,accuracy,incorrect,0.0103652407758655
sub002,closed,V2d,stim500pre,accuracy_e,correct_e,0.327767015803771
sub002,closed,V2d,stim500pre,accuracy_e,incorrect_e,0.0103652407758655
sub002,closed,V2d,stim500pre,rt,fast,0.413369066918484
sub002,closed,V2d,stim500pre,rt,slow,-0.0949849794521621
sub002,closed,V3a,stim500pre,accuracy,correct,0.19564508370893
sub002,closed,V3a,stim500pre,accuracy,incorrect,-0.185374797326733
sub002,closed,V3a,stim500pre,accuracy_e,correct_e,0.261464108294613
sub002,closed,V3a,stim500pre,accuracy_e,incorrect_e,-0.185374797326733
sub002,closed,V3a,stim500pre,rt,fast,0.377971462422687
sub002,closed,V3a,stim500pre,rt,slow,0.0290428250019017
sub002,closed,V3b,stim500pre,accuracy,correct,0.163730794858225
sub002,closed,V3b,stim500pre,accuracy,incorrect,-0.242500003614074
sub002,closed,V3b,stim500pre,accuracy_e,correct_e,0.221215582733499
sub002,closed,V3b,stim500pre,accuracy_e,incorrect_e,-0.242500003614074
sub002,closed,V3b,stim500pre,rt,fast,0.285437275411925
sub002,closed,V3b,stim500pre,rt,slow,0.0519128385805318
sub002,closed,V3d,stim500pre,accuracy,correct,0.112023824226875
sub002,closed,V3d,stim500pre,accuracy,incorrect,-0.0846820848773443
sub002,closed,V3d,stim500pre,accuracy_e,correct_e,0.14906651677746
sub002,closed,V3d,stim500pre,accuracy_e,incorrect_e,-0.0846820848773443
sub002,closed,V3d,stim500pre,rt,fast,0.340149657699628
sub002,closed,V3d,stim500pre,rt,slow,-0.0391520972253147
sub002,closed,V3v,stim500pre,accuracy,correct,-0.0488749372229715
sub002,closed,V3v,stim500pre,accuracy,incorrect,-0.126439956768278
sub002,closed,V3v,stim500pre,accuracy_e,correct_e,-0.130997071417928
sub002,closed,V3v,stim500pre,accuracy_e,incorrect_e,-0.126439956768278
sub002,closed,V3v,stim500pre,rt,fast,0.0839454347119738
sub002,closed,V3v,stim500pre,rt,slow,-0.16203293540201
sub003,open,V1d,stim500pre,accuracy,correct,0.12962364051232
sub003,open,V1d,stim500pre,accuracy,incorrect,-0.0109239226161745
sub003,open,V1d,stim500pre,accuracy_e,correct_e,0.224877220828179
sub003,open,V1d,stim500pre,accuracy_e,incorrect_e,-0.0109239226161745
sub003,open,V1d,stim500pre,rt,fast,0.178755616289551
sub003,open,V1d,stim500pre,rt,slow,0.0837503661151864
sub003,open,V1v,stim500pre,accuracy,correct,0.0619624481956643
sub003,open,V1v,stim500pre,accuracy,incorrect,0.03352254797737
sub003,open,V1v,stim500pre,accuracy_e,correct_e,0.277016826783503
sub003,open,V1v,stim500pre,accuracy_e,incorrect_e,0.03352254797737
sub003,open,V1v,stim500pre,rt,fast,0.151118674475208
sub003,open,V1v,stim500pre,rt,slow,-0.0230894157544055
sub003,open,V2d,stim500pre,accuracy,correct,0.11100680848292
sub003,open,V2d,stim500pre,accuracy,incorrect,-0.0100541873639879
sub003,open,V2d,stim500pre,accuracy_e,correct_e,0.0610541469995508
sub003,open,V2d,stim500pre,accuracy_e,incorrect_e,-0.0100541873639879
sub003,open,V2d,stim500pre,rt,fast,0.137356757698485
sub003,open,V2d,stim500pre,rt,slow,0.0815722518791004
sub003,open,V3a,stim500pre,accuracy,correct,0.0454504424113035
sub003,open,V3a,stim500pre,accuracy,incorrect,0.00278388245831381
sub003,open,V3a,stim500pre,accuracy_e,correct_e,0.255025636028255
sub003,open,V3a,stim500pre,accuracy_e,incorrect_e,0.00278388245831381
sub003,open,V3a,stim500pre,rt,fast,0.0580351943633953
sub003,open,V3a,stim500pre,rt,slow,0.0366222229404146
sub003,open,V3b,stim500pre,accuracy,correct,0.00320248396137928
sub003,open,V3b,stim500pre,accuracy,incorrect,-0.0834087415878651
sub003,open,V3b,stim500pre,accuracy_e,correct_e,0.164150871659861
sub003,open,V3b,stim500pre,accuracy_e,incorrect_e,-0.0834087415878651
sub003,open,V3b,stim500pre,rt,fast,0.075340885301791
sub003,open,V3b,stim500pre,rt,slow,-0.0771210474826096
sub003,open,V3d,stim500pre,accuracy,correct,-0.000498492814273649
sub003,open,V3d,stim500pre,accuracy,incorrect,0.0167187252176625
sub003,open,V3d,stim500pre,accuracy_e,correct_e,0.0847701374482436
sub003,open,V3d,stim500pre,accuracy_e,incorrect_e,0.0167187252176625
sub003,open,V3d,stim500pre,rt,fast,0.0835235766311813
sub003,open,V3d,stim500pre,rt,slow,-0.0899324858970119
sub003,open,V3v,stim500pre,accuracy,correct,0.0145568379709306
sub003,open,V3v,stim500pre,accuracy,incorrect,0.46245139606094
sub003,open,V3v,stim500pre,accuracy_e,correct_e,0.0520407401375804
sub003,open,V3v,stim500pre,accuracy_e,incorrect_e,0.46245139606094
sub003,open,V3v,stim500pre,rt,fast,-0.0174648395104285
sub003,open,V3v,stim500pre,rt,slow,0.0628825390621835
sub003,closed,V1d,stim500pre,accuracy,correct,-0.0126129214982442
sub003,closed,V1d,stim500pre,accuracy,incorrect,0.0288779437036277
sub003,closed,V1d,stim500pre,accuracy_e,correct_e,-0.0684396303522478
sub003,closed,V1d,stim500pre,accuracy_e,incorrect_e,0.0288779437036277
sub003,closed,V1d,stim500pre,rt,fast,0.241296736934828
sub003,closed,V1d,stim500pre,rt,slow,-0.215405373407106
sub003,closed,V1v,stim500pre,accuracy,correct,0.0387934853461891
sub003,closed,V1v,stim500pre,accuracy,incorrect,-0.0650080729610426
sub003,closed,V1v,stim500pre,accuracy_e,correct_e,-0.0966440812770158
sub003,closed,V1v,stim500pre,accuracy_e,incorrect_e,-0.0650080729610426
sub003,closed,V1v,stim500pre,rt,fast,0.192828840084163
sub003,closed,V1v,stim500pre,rt,slow,-0.0950791716580651
sub003,closed,V2d,stim500pre,accuracy,correct,-0.0740003802540357
sub003,closed,V2d,stim500pre,accuracy,incorrect,0.145518384394545
sub003,closed,V2d,stim500pre,accuracy_e,correct_e,-0.125465818019673
sub003,closed,V2d,stim500pre,accuracy_e,incorrect_e,0.145518384394545
sub003,closed,V2d,stim500pre,rt,fast,0.0297777866029523
sub003,closed,V2d,stim500pre,rt,slow,-0.161312255826628
sub003,closed,V3a,stim500pre,accuracy,correct,-0.124089648562153
sub003,closed,V3a,stim500pre,accuracy,incorrect,-0.207256397379695
sub003,closed,V3a,stim500pre,accuracy_e,correct_e,-0.0955003001318677
sub003,closed,V3a,stim500pre,accuracy_e,incorrect_e,-0.207256397379695
sub003,closed,V3a,stim500pre,rt,fast,-0.143024490759109
sub003,closed,V3a,stim500pre,rt,slow,-0.104508092005507
sub003,closed,V3b,stim500pre,accuracy,correct,0.0835301237229574
sub003,closed,V3b,stim500pre,accuracy,incorrect,-0.209889634585883
sub003,closed,V3b,stim500pre,accuracy_e,correct_e,0.305392072105963
sub003,closed,V3b,stim500pre,accuracy_e,incorrect_e,-0.209889634585883
sub003,closed,V3b,stim500pre,rt,fast,0.00344224151308069
sub003,closed,V3b,stim500pre,rt,slow,0.16931872399576
sub003,closed,V3d,stim500pre,accuracy,correct,0.109927126323921
sub003,closed,V3d,stim500pre,accuracy,incorrect,-0.176485902841132
sub003,closed,V3d,stim500pre,accuracy_e,correct_e,0.371628753669899
sub003,closed,V3d,stim500pre,accuracy_e,incorrect_e,-0.176485902841132
sub003,closed,V3d,stim500pre,rt,fast,0.0720922151132824
sub003,closed,V3d,stim500pre,rt,slow,0.151442531888728
sub003,closed,V3v,stim500pre,accuracy,correct,-0.00539167432263055
sub003,closed,V3v,stim500pre,accuracy,incorrect,0.15792868778129
sub003,closed,V3v,stim500pre,accuracy_e,correct_e,-0.0224522750416158
sub003,closed,V3v,stim500pre,accuracy_e,incorrect_e,0.15792868778129
sub003,closed,V3v,stim500pre,rt,fast,0.214476911721381
sub003,closed,V3v,stim500pre,rt,slow,-0.186420168110088
sub004,open,V1d,stim500pre,accuracy,correct,0.00400003909536671
sub004,open,V1d,stim500pre,accuracy,incorrect,0.159028485702867
sub004,open,V1d,stim500pre,accuracy_e,correct_e,-0.131766238793216
sub004,open,V1d,stim500pre,accuracy_e,incorrect_e,0.159028485702867
sub004,open,V1d,stim500pre,rt,fast,0.11687705336175
sub004,open,V1d,stim500pre,rt,slow,-0.0945835112993044
sub004,open,V1v,stim500pre,accuracy,correct,0.163645664859379
sub004,open,V1v,stim500pre,accuracy,incorrect,0.0229779345486143
sub004,open,V1v,stim500pre,accuracy_e,correct_e,0.0692278332847185
sub004,open,V1v,stim500pre,accuracy_e,incorrect_e,0.0229779345486143
sub004,open,V1v,stim500pre,rt,fast,0.231861510996908
sub004,open,V1v,stim500pre,rt,slow,0.0945680753474076
sub004,open,V2d,stim500pre,accuracy,correct,0.0377973253093514
sub004,open,V2d,stim500pre,accuracy,incorrect,0.647170191758489
sub004,open,V2d,stim500pre,accuracy_e,correct_e,-0.203435036648422
sub004,open,V2d,stim500pre,accuracy_e,incorrect_e,0.647170191758489
sub004,open,V2d,stim500pre,rt,fast,0.259002237636365
sub004,open,V2d,stim500pre,rt,slow,-0.14962050547214
sub004,open,V3a,stim500pre,accuracy,correct,0.112214637922737
sub004,open,V3a,stim500pre,accuracy,incorrect,0.560386485173802
sub004,open,V3a,stim500pre,accuracy_e,correct_e,-0.24326452955168
sub004,open,V3a,stim500pre,accuracy_e,incorrect_e,0.560386485173802
sub004,open,V3a,stim500pre,rt,fast,0.070177518606021
sub004,open,V3a,stim500pre,rt,slow,0.154104987641813
sub004,open,V3b,stim500pre,accuracy,correct,0.0235403288945124
sub004,open,V3b,stim500pre,accuracy,incorrect,-0.368639469440118
sub004,open,V3b,stim500pre,accuracy_e,correct_e,-0.033064263776932
sub004,open,V3b,stim500pre,accuracy_e,incorrect_e,-0.368639469440118
sub004,open,V3b,stim500pre,rt,fast,0.160516835050419
sub004,open,V3b,stim500pre,rt,slow,-0.106322577707537
sub004,open,V3d,stim500pre,accuracy,correct,0.136828280852644
sub004,open,V3d,stim500pre,accuracy,incorrect,0.951402394833073
sub004,open,V3d,stim500pre,accuracy_e,correct_e,0.303414213490888
sub004,open,V3d,stim500pre,accuracy_e,incorrect_e,0.951402394833073
sub004,open,V3d,stim500pre,rt,fast,0.130839786846434
sub004,open,V3d,stim500pre,rt,slow,0.148226970064678
sub004,open,V3v,stim500pre,accuracy,correct,0.190807415337435
sub004,open,V3v,stim500pre,accuracy,incorrect,0.282895777343236
sub004,open,V3v,stim500pre,accuracy_e,correct_e,0.219247136870299
sub004,open,V3v,stim500pre,accuracy_e,incorrect_e,0.282895777343236
sub004,open,V3v,stim500pre,rt,fast,0.329121150484572
sub004,open,V3v,stim500pre,rt,slow,0.0515865732358255
sub004,closed,V1d,stim500pre,accuracy,correct,0.205048254103041
sub004,closed,V1d,stim500pre,accuracy,incorrect,0.282441897297643
sub004,closed,V1d,stim500pre,accuracy_e,correct_e,0.0473311172123746
sub004,closed,V1d,stim500pre,accuracy_e,incorrect_e,0.282441897297643
sub004,closed,V1d,stim500pre,rt,fast,0.24604944813989
sub004,closed,V1d,stim500pre,rt,slow,0.161825072941108
sub004,closed,V1v,stim500pre,accuracy,correct,0.15365314304918
sub004,closed,V1v,stim500pre,accuracy,incorrect,-0.0290807891326036
sub004,closed,V1v,stim500pre,accuracy_e,correct_e,-0.057338472535086
sub004,closed,V1v,stim500pre,accuracy_e,incorrect_e,-0.0290807891326036
sub004,closed,V1v,stim500pre,rt,fast,-0.00578359958504019
sub004,closed,V1v,stim500pre,rt,slow,0.32849832360833
sub004,closed,V2d,stim500pre,accuracy,correct,0.102797233653739
sub004,closed,V2d,stim500pre,accuracy,incorrect,0.0756849686213906
sub004,closed,V2d,stim500pre,accuracy_e,correct_e,0.236901312643583
sub004,closed,V2d,stim500pre,accuracy_e,incorrect_e,0.0756849686213906
sub004,closed,V2d,stim500pre,rt,fast,0.0926272201964879
sub004,closed,V2d,stim500pre,rt,slow,0.123661341200003
sub004,closed,V3a,stim500pre,accuracy,correct,0.0350195549396989
sub004,closed,V3a,stim500pre,accuracy,incorrect,-0.290154393951119
sub004,closed,V3a,stim500pre,accuracy_e,correct_e,0.621847336828988
sub004,closed,V3a,stim500pre,accuracy_e,incorrect_e,-0.290154393951119
sub004,closed,V3a,stim500pre,rt,fast,-0.0855564013397319
sub004,closed,V3a,stim500pre,rt,slow,0.177969048891301
sub004,closed,V3b,stim500pre,accuracy,correct,0.389608398100128
sub004,closed,V3b,stim500pre,accuracy,incorrect,-0.0669194003268184
sub004,closed,V3b,stim500pre,accuracy_e,correct_e,0.225543552373892
sub004,closed,V3b,stim500pre,accuracy_e,incorrect_e,-0.0669194003268184
sub004,closed,V3b,stim500pre,rt,fast,0.30793410597951
sub004,closed,V3b,stim500pre,rt,slow,0.496984097502603
sub004,closed,V3d,stim500pre,accuracy,correct,0.242233820824268
sub004,closed,V3d,stim500pre,accuracy,incorrect,-0.23526344505125
sub004,closed,V3d,stim500pre,accuracy_e,correct_e,0.703051861235887
sub004,closed,V3d,stim500pre,accuracy_e,incorrect_e,-0.23526344505125
sub004,closed,V3d,stim500pre,rt,fast,0.116451682716313
sub004,closed,V3d,stim500pre,rt,slow,0.417373418832916
sub004,closed,V3v,stim500pre,accuracy,correct,0.099856134762635
sub004,closed,V3v,stim500pre,accuracy,incorrect,-0.169841347917665
sub004,closed,V3v,stim500pre,accuracy_e,correct_e,0.43450764669113
sub004,closed,V3v,stim500pre,accuracy_e,incorrect_e,-0.169841347917665
sub004,closed,V3v,stim500pre,rt,fast,-0.0319254007781571
sub004,closed,V3v,stim500pre,rt,slow,0.224834268275195
sub005,open,V1d,stim500pre,accuracy,correct,0.253178586895355
sub005,open,V1d,stim500pre,accuracy,incorrect,-0.10165286818894
sub005,open,V1d,stim500pre,accuracy_e,correct_e,0.463648879841008
sub005,open,V1d,stim500pre,accuracy_e,incorrect_e,-0.10165286818894
sub005,open,V1d,stim500pre,rt,fast,0.408237673369086
sub005,open,V1d,stim500pre,rt,slow,0.119383578618134
sub005,open,V1v,stim500pre,accuracy,correct,0.293394879282335
sub005,open,V1v,stim500pre,accuracy,incorrect,-0.0609554059588152
sub005,open,V1v,stim500pre,accuracy_e,correct_e,0.517483427966607
sub005,open,V1v,stim500pre,accuracy_e,incorrect_e,-0.0609554059588152
sub005,open,V1v,stim500pre,rt,fast,0.452241872151966
sub005,open,V1v,stim500pre,rt,slow,0.148767389694267
sub005,open,V2d,stim500pre,accuracy,correct,0.280071499988637
sub005,open,V2d,stim500pre,accuracy,incorrect,-0.139687520215794
sub005,open,V2d,stim500pre,accuracy_e,correct_e,0.398123574696853
sub005,open,V2d,stim500pre,accuracy_e,incorrect_e,-0.139687520215794
sub005,open,V2d,stim500pre,rt,fast,0.506856762639263
sub005,open,V2d,stim500pre,rt,slow,0.0838099927203857
sub005,open,V3a,stim500pre,accuracy,correct,0.259090018480885
sub005,open,V3a,stim500pre,accuracy,incorrect,0.0694215407799064
sub005,open,V3a,stim500pre,accuracy_e,correct_e,0.21363540285836
sub005,open,V3a,stim500pre,accuracy_e,incorrect_e,0.0694215407799064
sub005,open,V3a,stim500pre,rt,fast,0.191187223703687
sub005,open,V3a,stim500pre,rt,slow,0.329644723285658
sub005,open,V3b,stim500pre,accuracy,correct,-0.0199132436900638
sub005,open,V3b,stim500pre,accuracy,incorrect,0.320147390625608
sub005,open,V3b,stim500pre,accuracy_e,correct_e,0.0676923293339662
sub005,open,V3b,stim500pre,accuracy_e,incorrect_e,0.320147390625608
sub005,open,V3b,stim500pre,rt,fast,-0.0828104499604289
sub005,open,V3b,stim500pre,rt,slow,0.0467707595035761
sub005,open,V3d,stim500pre,accuracy,correct,0.306522868953236
sub005,open,V3d,stim500pre,accuracy,incorrect,-0.0834725705885123
sub005,open,V3d,stim500pre,accuracy_e,correct_e,0.356298226713523
sub005,open,V3d,stim500pre,accuracy_e,incorrect_e,-0.0834725705885123
sub005,open,V3d,stim500pre,rt,fast,0.432858223026415
sub005,open,V3d,stim500pre,rt,slow,0.177676025722037
sub005,open,V3v,stim500pre,accuracy,correct,0.244204056351546
sub005,open,V3v,stim500pre,accuracy,incorrect,-0.088354111743747
sub005,open,V3v,stim500pre,accuracy_e,correct_e,0.366922521737232
sub005,open,V3v,stim500pre,accuracy_e,incorrect_e,-0.088354111743747
sub005,open,V3v,stim500pre,rt,fast,0.280333060114203
sub005,open,V3v,stim500pre,rt,slow,0.209237136956355
sub005,closed,V1d,stim500pre,accuracy,correct,-0.458437137646943
sub005,closed,V1d,stim500pre,accuracy,incorrect,-0.369324509904219
sub005,closed,V1d,stim500pre,accuracy_e,correct_e,-0.538217954609684
sub005,closed,V1d,stim500pre,accuracy_e,incorrect_e,-0.369324509904219
sub005,closed,V1d,stim500pre,rt,fast,-0.417924267445435
sub005,closed,V1d,stim500pre,rt,slow,-0.492339312123052
sub005,closed,V1v,stim500pre,accuracy,correct,-0.459540225703492
sub005,closed,V1v,stim500pre,accuracy,incorrect,-0.42369323570403
sub005,closed,V1v,stim500pre,accuracy_e,correct_e,-0.542602323740994
sub005,closed,V1v,stim500pre,accuracy_e,incorrect_e,-0.42369323570403
sub005,closed,V1v,stim500pre,rt,fast,-0.408442303733689
sub005,closed,V1v,stim500pre,rt,slow,-0.49400258412936
sub005,closed,V2d,stim500pre,accuracy,correct,-0.431685927397676
sub005,closed,V2d,stim500pre,accuracy,incorrect,-0.357505916645305
sub005,closed,V2d,stim500pre,accuracy_e,correct_e,-0.494600843020109
sub005,closed,V2d,stim500pre,accuracy_e,incorrect_e,-0.357505916645305
sub005,closed,V2d,stim500pre,rt,fast,-0.402022627694246
sub005,closed,V2d,stim500pre,rt,slow,-0.463671796942878
sub005,closed,V3a,stim500pre,accuracy,correct,-0.0377033903242992
sub005,closed,V3a,stim500pre,accuracy,incorrect,-0.18835088765845
sub005,closed,V3a,stim500pre,accuracy_e,correct_e,-0.0603247362429439
sub005,closed,V3a,stim500pre,accuracy_e,incorrect_e,-0.18835088765845
sub005,closed,V3a,stim500pre,rt,fast,-0.0626356713067548
sub005,closed,V3a,stim500pre,rt,slow,0.00372231030439761
sub005,closed,V3b,stim500pre,accuracy,correct,-0.182643513133224
sub005,closed,V3b,stim500pre,accuracy,incorrect,-0.232053701670101
sub005,closed,V3b,stim500pre,accuracy_e,correct_e,-0.221317639037567
sub005,closed,V3b,stim500pre,accuracy_e,incorrect_e,-0.232053701670101
sub005,closed,V3b,stim500pre,rt,fast,-0.200218096253618
sub005,closed,V3b,stim500pre,rt,slow,-0.163261472345965
sub005,closed,V3d,stim500pre,accuracy,correct,-0.151598277577078
sub005,closed,V3d,stim500pre,accuracy,incorrect,-0.241542680538613
sub005,closed,V3d,stim500pre,accuracy_e,correct_e,-0.160932766003448
sub005,closed,V3d,stim500pre,accuracy_e,incorrect_e,-0.241542680538613
sub005,closed,V3d,stim500pre,rt,fast,-0.186065511980949
sub005,closed,V3d,stim500pre,rt,slow,-0.112243243626418
sub005,closed,V3v,stim500pre,accuracy,correct,-0.289159831536853
sub005,closed,V3v,stim500pre,accuracy,incorrect,-0.42190790568361
sub005,closed,V3v,stim500pre,accuracy_e,correct_e,-0.263444536675086
sub005,closed,V3v,stim500pre,accuracy_e,incorrect_e,-0.42190790568361
sub005,closed,V3v,stim500pre,rt,fast,-0.283177976107418
sub005,closed,V3v,stim500pre,rt,slow,-0.284989618863363
sub006,open,V1d,stim500pre,accuracy,correct,-0.0171970161238518
sub006,open,V1d,stim500pre,accuracy,incorrect,-0.184434358676953
sub006,open,V1d,stim500pre,accuracy_e,correct_e,-0.206703512509932
sub006,open,V1d,stim500pre,accuracy_e,incorrect_e,-0.184434358676953
sub006,open,V1d,stim500pre,rt,fast,-0.000384017699493494
sub006,open,V1d,stim500pre,rt,slow,-0.0330106982993748
sub006,open,V1v,stim500pre,accuracy,correct,-0.0103136291906547
sub006,open,V1v,stim500pre,accuracy,incorrect,-0.0987981946840672
sub006,open,V1v,stim500pre,accuracy_e,correct_e,-0.0287182937575046
sub006,open,V1v,stim500pre,accuracy_e,incorrect_e,-0.0987981946840672
sub006,open,V1v,stim500pre,rt,fast,-0.0845480317162065
sub006,open,V1v,stim500pre,rt,slow,0.0749468248136268
sub006,open,V2d,stim500pre,accuracy,correct,0.0581822279218776
sub006,open,V2d,stim500pre,accuracy,incorrect,-0.0983915306404982
sub006,open,V2d,stim500pre,accuracy_e,correct_e,-0.0746110076116316
sub006,open,V2d,stim500pre,accuracy_e,incorrect_e,-0.0983915306404982
sub006,open,V2d,stim500pre,rt,fast,0.0822949403643879
sub006,open,V2d,stim500pre,rt,slow,0.0354164881280937
sub006,open,V3a,stim500pre,accuracy,correct,-0.029718957055394
sub006,open,V3a,stim500pre,accuracy,incorrect,-0.00486408248764036
sub006,open,V3a,stim500pre,accuracy_e,correct_e,-0.0602205545882066
sub006,open,V3a,stim500pre,accuracy_e,incorrect_e,-0.00486408248764036
sub006,open,V3a,stim500pre,rt,fast,0.0403074312394894
sub006,open,V3a,stim500pre,rt,slow,-0.0906982426523714
sub006,open,V3b,stim500pre,accuracy,correct,0.125435571791516
sub006,open,V3b,stim500pre,accuracy,incorrect,-0.0429185274083499
sub006,open,V3b,stim500pre,accuracy_e,correct_e,0.345743769412652
sub006,open,V3b,stim500pre,accuracy_e,incorrect_e,-0.0429185274083499
sub006,open,V3b,stim500pre,rt,fast,0.132628097874588
sub006,open,V3b,stim500pre,rt,slow,0.0698693922117187
sub006,open,V3d,stim500pre,accuracy,correct,-0.0382830345846657
sub006,open,V3d,stim500pre,accuracy,incorrect,-0.241454944787253
sub006,open,V3d,stim500pre,accuracy_e,correct_e,-0.0191315378865155
sub006,open,V3d,stim500pre,accuracy_e,incorrect_e,-0.241454944787253
sub006,open,V3d,stim500pre,rt,fast,-0.0213423796043911
sub006,open,V3d,stim500pre,rt,slow,-0.081022048950813
sub006,open,V3v,stim500pre,accuracy,correct,-0.0360643471098238
sub006,open,V3v,stim500pre,accuracy,incorrect,-0.119696285121924
sub006,open,V3v,stim500pre,accuracy_e,correct_e,0.0343343905379112
sub006,open,V3v,stim500pre,accuracy_e,incorrect_e,-0.119696285121924
sub006,open,V3v,stim500pre,rt,fast,-0.133366716990965
sub006,open,V3v,stim500pre,rt,slow,0.0526668236983159
sub006,closed,V1d,stim500pre,accuracy,correct,-0.0318778185775415
sub006,closed,V1d,stim500pre,accuracy,incorrect,-0.224212748559616
sub006,closed,V1d,stim500pre,accuracy_e,correct_e,-0.0765670768516268
sub006,closed,V1d,stim500pre,accuracy_e,incorrect_e,-0.224212748559616
sub006,closed,V1d,stim500pre,rt,fast,-0.125749155815248
sub006,closed,V1d,stim500pre,rt,slow,0.0761273707704914
sub006,closed,V1v,stim500pre,accuracy,correct,0.0170132684079809
sub006,closed,V1v,stim500pre,accuracy,incorrect,-0.258428813856285
sub006,closed,V1v,stim500pre,accuracy_e,correct_e,-0.0623334900200239
sub006,closed,V1v,stim500pre,accuracy_e,incorrect_e,-0.258428813856285
sub006,closed,V1v,stim500pre,rt,fast,-0.0471437948453748
sub006,closed,V1v,stim500pre,rt,slow,0.0847155559332154
sub006,closed,V2d,stim500pre,accuracy,correct,-0.0721380977799232
sub006,closed,V2d,stim500pre,accuracy,incorrect,-0.173561292766529
sub006,closed,V2d,stim500pre,accuracy_e,correct_e,-0.0998484476310197
sub006,closed,V2d,stim500pre,accuracy_e,incorrect_e,-0.173561292766529
sub006,closed,V2d,stim500pre,rt,fast,-0.191561662071645
sub006,closed,V2d,stim500pre,rt,slow,0.0758248513613025
sub006,closed,V3a,stim500pre,accuracy,correct,0.062491476502868
sub006,closed,V3a,stim500pre,accuracy,incorrect,-0.0681919080545218
sub006,closed,V3a,stim500pre,accuracy_e,correct_e,-0.00384014681151331
sub006,closed,V3a,stim500pre,accuracy_e,incorrect_e,-0.0681919080545218
sub006,closed,V3a,stim500pre,rt,fast,0.0485295840545554
sub006,closed,V3a,stim500pre,rt,slow,0.0768861757206439
sub006,closed,V3b,stim500pre,accuracy,correct,0.0582885985186118
sub006,closed,V3b,stim500pre,accuracy,incorrect,0.0551848318506709
sub006,closed,V3b,stim500pre,accuracy_e,correct_e,0.170750212415318
sub006,closed,V3b,stim500pre,accuracy_e,incorrect_e,0.0551848318506709
sub006,closed,V3b,stim500pre,rt,fast,-0.0255188728965202
sub006,closed,V3b,stim500pre,rt,slow,0.147387074683439
sub006,closed,V3d,stim500pre,accuracy,correct,-0.0234721699242605
sub006,closed,V3d,stim500pre,accuracy,incorrect,-0.131285573308446
sub006,closed,V3d,stim500pre,accuracy_e,correct_e,-0.0430906940546324
sub006,closed,V3d,stim500pre,accuracy_e,incorrect_e,-0.131285573308446
sub006,closed,V3d,stim500pre,rt,fast,-0.0909336786424693
sub006,closed,V3d,stim500pre,rt,slow,0.0440679755057422
sub006,closed,V3v,stim500pre,accuracy,correct,-0.0134259503879419
sub006,closed,V3v,stim500pre,accuracy,incorrect,-0.294729093992646
sub006,closed,V3v,stim500pre,accuracy_e,correct_e,-0.0608085727222357
sub006,closed,V3v,stim500pre,accuracy_e,incorrect_e,-0.294729093992646
sub006,closed,V3v,stim500pre,rt,fast,-0.00910328588319356
sub006,closed,V3v,stim500pre,rt,slow,-0.0179708792913712
sub007,open,V1d,stim500pre,accuracy,correct,-0.238536256165133
sub007,open,V1d,stim500pre,accuracy,incorrect,-0.356069314326356
sub007,open,V1d,stim500pre,accuracy_e,correct_e,-0.213741174630931
sub007,open,V1d,stim500pre,accuracy_e,incorrect_e,-0.356069314326356
sub007,open,V1d,stim500pre,rt,fast,-0.296507229014191
sub007,open,V1d,stim500pre,rt,slow,-0.170459332578154
sub007,open,V1v,stim500pre,accuracy,correct,-0.298930841192436
sub007,open,V1v,stim500pre,accuracy,incorrect,-0.401631121540562
sub007,open,V1v,stim500pre,accuracy_e,correct_e,-0.239898475079905
sub007,open,V1v,stim500pre,accuracy_e,incorrect_e,-0.401631121540562
sub007,open,V1v,stim500pre,rt,fast,-0.34493097999396
sub007,open,V1v,stim500pre,rt,slow,-0.224770966561717
sub007,open,V2d,stim500pre,accuracy,correct,-0.311677688659915
sub007,open,V2d,stim500pre,accuracy,incorrect,-0.425774133230188
sub007,open,V2d,stim500pre,accuracy_e,correct_e,-0.360009841739804
sub007,open,V2d,stim500pre,accuracy_e,incorrect_e,-0.425774133230188
sub007,open,V2d,stim500pre,rt,fast,-0.38477361516274
sub007,open,V2d,stim500pre,rt,slow,-0.186802114513996
sub007,open,V3a,stim500pre,accuracy,correct,-0.223797410193402
sub007,open,V3a,stim500pre,accuracy,incorrect,-0.454627807055987
sub007,open,V3a,stim500pre,accuracy_e,correct_e,-0.255826686247401
sub007,open,V3a,stim500pre,accuracy_e,incorrect_e,-0.454627807055987
sub007,open,V3a,stim500pre,rt,fast,-0.172492128799391
sub007,open,V3a,stim500pre,rt,slow,-0.165929698697909
sub007,open,V3b,stim500pre,accuracy,correct,-0.299560654006439
sub007,open,V3b,stim500pre,accuracy,incorrect,-0.563995854150912
sub007,open,V3b,stim500pre,accuracy_e,correct_e,-0.203967933024293
sub007,open,V3b,stim500pre,accuracy_e,incorrect_e,-0.563995854150912
sub007,open,V3b,stim500pre,rt,fast,-0.259103691890981
sub007,open,V3b,stim500pre,rt,slow,-0.277662055364956
sub007,open,V3d,stim500pre,accuracy,correct,-0.268995404252392
sub007,open,V3d,stim500pre,accuracy,incorrect,-0.457974549406976
sub007,open,V3d,stim500pre,accuracy_e,correct_e,-0.289289490212538
sub007,open,V3d,stim500pre,accuracy_e,incorrect_e,-0.457974549406976
sub007,open,V3d,stim500pre,rt,fast,-0.23910304260496
sub007,open,V3d,stim500pre,rt,slow,-0.221214987807795
sub007,open,V3v,stim500pre,accuracy,correct,-0.251070475775791
sub007,open,V3v,stim500pre,accuracy,incorrect,-0.422430330640994
sub007,open,V3v,stim500pre,accuracy_e,correct_e,-0.177202277664186
sub007,open,V3v,stim500pre,accuracy_e,incorrect_e,-0.422430330640994
sub007,open,V3v,stim500pre,rt,fast,-0.269327593768185
sub007,open,V3v,stim500pre,rt,slow,-0.227600120072443
sub007,closed,V1d,stim500pre,accuracy,correct,-0.301366859030136
sub007,closed,V1d,stim500pre,accuracy,incorrect,-0.210479019077173
sub007,closed,V1d,stim500pre,accuracy_e,correct_e,-0.271287683900312
sub007,closed,V1d,stim500pre,accuracy_e,incorrect_e,-0.210479019077173
sub007,closed,V1d,stim500pre,rt,fast,-0.264408055616457
sub007,closed,V1d,stim500pre,rt,slow,-0.351297521734868
sub007,closed,V1v,stim500pre,accuracy,correct,-0.207504991740031
sub007,closed,V1v,stim500pre,accuracy,incorrect,-0.367336419725829
sub007,closed,V1v,stim500pre,accuracy_e,correct_e,-0.185354796691949
sub007,closed,V1v,stim500pre,accuracy_e,incorrect_e,-0.367336419725829
sub007,closed,V1v,stim500pre,rt,fast,-0.18625715080078
sub007,closed,V1v,stim500pre,rt,slow,-0.248848619166688
sub007,closed,V2d,stim500pre,accuracy,correct,-0.324064368884687
sub007,closed,V2d,stim500pre,accuracy,incorrect,-0.32397785576504
sub007,closed,V2d,stim500pre,accuracy_e,correct_e,-0.308007182878042
sub007,closed,V2d,stim500pre,accuracy_e,incorrect_e,-0.32397785576504
sub007,closed,V2d,stim500pre,rt,fast,-0.311523487431148
sub007,closed,V2d,stim500pre,rt,slow,-0.346551759846393
sub007,closed,V3a,stim500pre,accuracy,correct,-0.106818303178665
sub007,closed,V3a,stim500pre,accuracy,incorrect,-0.189572892556412
sub007,closed,V3a,stim500pre,accuracy_e,correct_e,-0.0187022065786601
sub007,closed,V3a,stim500pre,accuracy_e,incorrect_e,-0.189572892556412
sub007,closed,V3a,stim500pre,rt,fast,-0.10181420943166
sub007,closed,V3a,stim500pre,rt,slow,-0.0986930635225017
sub007,closed,V3b,stim500pre,accuracy,correct,-0.194461234614895
sub007,closed,V3b,stim500pre,accuracy,incorrect,-0.476488037574763
sub007,closed,V3b,stim500pre,accuracy_e,correct_e,-0.0902570104394323
sub007,closed,V3b,stim500pre,accuracy_e,incorrect_e,-0.476488037574763
sub007,closed,V3b,stim500pre,rt,fast,-0.15474644020425
sub007,closed,V3b,stim500pre,rt,slow,-0.244594440170224
sub007,closed,V3d,stim500pre,accuracy,correct,-0.164766963444513
sub007,closed,V3d,stim500pre,accuracy,incorrect,-0.22559349061921
sub007,closed,V3d,stim500pre,accuracy_e,correct_e,-0.236609332652459
sub007,closed,V3d,stim500pre,accuracy_e,incorrect_e,-0.22559349061921
sub007,closed,V3d,stim500pre,rt,fast,-0.174981866927824
sub007,closed,V3d,stim500pre,rt,slow,-0.153952837166815
sub007,closed,V3v,stim500pre,accuracy,correct,-0.335035153348206
sub007,closed,V3v,stim500pre,accuracy,incorrect,-0.224843126471704
sub007,closed,V3v,stim500pre,accuracy_e,correct_e,-0.336772016389394
sub007,closed,V3v,stim500pre,accuracy_e,incorrect_e,-0.224843126471704
sub007,closed,V3v,stim500pre,rt,fast,-0.355716319187188
sub007,closed,V3v,stim500pre,rt,slow,-0.308694881737061
sub008,open,V1d,stim500pre,accuracy,correct,-0.126159185266721
sub008,open,V1d,stim500pre,accuracy,incorrect,-0.00777459215713535
sub008,open,V1d,stim500pre,accuracy_e,correct_e,-0.0880729748142796
sub008,open,V1d,stim500pre,accuracy_e,incorrect_e,-0.00777459215713535
sub008,open,V1d,stim500pre,rt,fast,-0.107040779417891
sub008,open,V1d,stim500pre,rt,slow,-0.144935215016923
sub008,open,V1v,stim500pre,accuracy,correct,-0.0164521072180278
sub008,open,V1v,stim500pre,accuracy,incorrect,0.0197820250954575
sub008,open,V1v,stim500pre,accuracy_e,correct_e,0.154754845364248
sub008,open,V1v,stim500pre,accuracy_e,incorrect_e,0.0197820250954575
sub008,open,V1v,stim500pre,rt,fast,0.0855203356150876
sub008,open,V1v,stim500pre,rt,slow,-0.109753836734623
sub008,open,V2d,stim500pre,accuracy,correct,-0.0473649304791681
sub008,open,V2d,stim500pre,accuracy,incorrect,0.329338841347695
sub008,open,V2d,stim500pre,accuracy_e,correct_e,0.0890300789746672
sub008,open,V2d,stim500pre,accuracy_e,incorrect_e,0.329338841347695
sub008,open,V2d,stim500pre,rt,fast,-0.0188628612907544
sub008,open,V2d,stim500pre,rt,slow,-0.0738116172360952
sub008,open,V3a,stim500pre,accuracy,correct,-0.0584915206024608
sub008,open,V3a,stim500pre,accuracy,incorrect,-0.332666246463393
sub008,open,V3a,stim500pre,accuracy_e,correct_e,0.258367286113808
sub008,open,V3a,stim500pre,accuracy_e,incorrect_e,-0.332666246463393
sub008,open,V3a,stim500pre,rt,fast,0.00748699249429862
sub008,open,V3a,stim500pre,rt,slow,-0.116497371185169
sub008,open,V3b,stim500pre,accuracy,correct,0.018876077289539
sub008,open,V3b,stim500pre,accuracy,incorrect,-0.502977129454038
sub008,open,V3b,stim500pre,accuracy_e,correct_e,0.132487272716159
sub008,open,V3b,stim500pre,accuracy_e,incorrect_e,-0.502977129454038
sub008,open,V3b,stim500pre,rt,fast,0.0857241424169868
sub008,open,V3b,stim500pre,rt,slow,-0.0412845484579021
sub008,open,V3d,stim500pre,accuracy,correct,-0.0496369825468349
sub008,open,V3d,stim500pre,accuracy,incorrect,0.158149245045214
sub008,open,V3d,stim500pre,accuracy_e,correct_e,0.0384446948059097
sub008,open,V3d,stim500pre,accuracy_e,incorrect_e,0.158149245045214
sub008,open,V3d,stim500pre,rt,fast,-0.042291708797773
sub008,open,V3d,stim500pre,rt,slow,-0.0573696289045102
sub008,open,V3v,stim500pre,accuracy,correct,-0.0960010953088288
sub008,open,V3v,stim500pre,accuracy,incorrect,-0.18942170991446
sub008,open,V3v,stim500pre,accuracy_e,correct_e,-0.0223806288042794
sub008,open,V3v,stim500pre,accuracy_e,incorrect_e,-0.18942170991446
sub008,open,V3v,stim500pre,rt,fast,-0.152409661107197
sub008,open,V3v,stim500pre,rt,slow,-0.028158459721823
sub008,closed,V1d,stim500pre,accuracy,correct,-0.434212378310838
sub008,closed,V1d,stim500pre,accuracy,incorrect,-0.116284597185354
sub008,closed,V1d,stim500pre,accuracy_e,correct_e,-0.310691831648616
sub008,closed,V1d,stim500pre,accuracy_e,incorrect_e,-0.116284597185354
sub008,closed,V1d,stim500pre,rt,fast,-0.471544964978168
sub008,closed,V1d,stim500pre,rt,slow,-0.391523159532462
sub008,closed,V1v,stim500pre,accuracy,correct,-0.37494014744894
sub008,closed,V1v,stim500pre,accuracy,incorrect,-0.217061228031585
sub008,closed,V1v,stim500pre,accuracy_e,correct_e,-0.428097004242683
sub008,closed,V1v,stim500pre,accuracy_e,incorrect_e,-0.217061228031585
sub008,closed,V1v,stim500pre,rt,fast,-0.474719368680711
sub008,closed,V1v,stim500pre,rt,slow,-0.243502214997998
sub008,closed,V2d,stim500pre,accuracy,correct,-0.427572278420227
sub008,closed,V2d,stim500pre,accuracy,incorrect,-0.124130273717564
sub008,closed,V2d,stim500pre,accuracy_e,correct_e,-0.0340086125718078
sub008,closed,V2d,stim500pre,accuracy_e,incorrect_e,-0.124130273717564
sub008,closed,V2d,stim500pre,rt,fast,-0.428636278656858
sub008,closed,V2d,stim500pre,rt,slow,-0.427971339604491
sub008,closed,V3a,stim500pre,accuracy,correct,-0.22431476138601
sub008,closed,V3a,stim500pre,accuracy,incorrect,-0.447238995546003
sub008,closed,V3a,stim500pre,accuracy_e,correct_e,0.0449407704786955
sub008,closed,V3a,stim500pre,accuracy_e,incorrect_e,-0.447238995546003
sub008,closed,V3a,stim500pre,rt,fast,-0.252351187918354
sub008,closed,V3a,stim500pre,rt,slow,-0.207479697335789
sub008,closed,V3b,stim500pre,accuracy,correct,-0.186509639520242
sub008,closed,V3b,stim500pre,accuracy,incorrect,-0.501039272250083
sub008,closed,V3b,stim500pre,accuracy_e,correct_e,-0.184347634789427
sub008,closed,V3b,stim500pre,accuracy_e,incorrect_e,-0.501039272250083
sub008,closed,V3b,stim500pre,rt,fast,-0.180924956366196
sub008,closed,V3b,stim500pre,rt,slow,-0.191265366128753
sub008,closed,V3d,stim500pre,accuracy,correct,-0.384464639876031
sub008,closed,V3d,stim500pre,accuracy,incorrect,-0.0688266109655045
sub008,closed,V3d,stim500pre,accuracy_e,correct_e,-0.32233061117298
sub008,closed,V3d,stim500pre,accuracy_e,incorrect_e,-0.0688266109655045
sub008,closed,V3d,stim500pre,rt,fast,-0.437711889598537
sub008,closed,V3d,stim500pre,rt,slow,-0.326168578783933
sub008,closed,V3v,stim500pre,accuracy,correct,-0.39362938895152
sub008,closed,V3v,stim500pre,accuracy,incorrect,0.110875216515034
sub008,closed,V3v,stim500pre,accuracy_e,correct_e,-0.536005424489946
sub008,closed,V3v,stim500pre,accuracy_e,incorrect_e,0.110875216515034
sub008,closed,V3v,stim500pre,rt,fast,-0.468276488483956
sub008,closed,V3v,stim500pre,rt,slow,-0.295634698541991
sub009,open,V1d,stim500pre,accuracy,correct,-0.0568102879070262
sub009,open,V1d,stim500pre,accuracy,incorrect,0.257693262711842
sub009,open,V1d,stim500pre,accuracy_e,correct_e,0.274855313172486
sub009,open,V1d,stim500pre,accuracy_e,incorrect_e,0.257693262711842
sub009,open,V1d,stim500pre,rt,fast,-0.140890972673159
sub009,open,V1d,stim500pre,rt,slow,0.0226350974037978
sub009,open,V1v,stim500pre,accuracy,correct,-0.078794172798613
sub009,open,V1v,stim500pre,accuracy,incorrect,0.180615120203812
sub009,open,V1v,stim500pre,accuracy_e,correct_e,-0.0657331082474138
sub009,open,V1v,stim500pre,accuracy_e,incorrect_e,0.180615120203812
sub009,open,V1v,stim500pre,rt,fast,-0.125139760308987
sub009,open,V1v,stim500pre,rt,slow,-0.0398255417003481
sub009,open,V2d,stim500pre,accuracy,correct,0.0293820805095019
sub009,open,V2d,stim500pre,accuracy,incorrect,0.33203579527887
sub009,open,V2d,stim500pre,accuracy_e,correct_e,0.376590514707588
sub009,open,V2d,stim500pre,accuracy_e,incorrect_e,0.33203579527887
sub009,open,V2d,stim500pre,rt,fast,0.0228121621359665
sub009,open,V2d,stim500pre,rt,slow,0.0259002281893008
sub009,open,V3a,stim500pre,accuracy,correct,-0.173938578909427
sub009,open,V3a,stim500pre,accuracy,incorrect,0.0679288216055359
sub009,open,V3a,stim500pre,accuracy_e,correct_e,-0.0901317775358865
sub009,open,V3a,stim500pre,accuracy_e,incorrect_e,0.0679288216055359
sub009,open,V3a,stim500pre,rt,fast,-0.153163300363489
sub009,open,V3a,stim500pre,rt,slow,-0.186908752487757
sub009,open,V3b,stim500pre,accuracy,correct,-0.301211388062833
sub009,open,V3b,stim500pre,accuracy,incorrect,0.253560701138767
sub009,open,V3b,stim500pre,accuracy_e,correct_e,-0.313666264868784
sub009,open,V3b,stim500pre,accuracy_e,incorrect_e,0.253560701138767
sub009,open,V3b,stim500pre,rt,fast,-0.107299865402193
sub009,open,V3b,stim500pre,rt,slow,-0.405934217570597
sub009,open,V3d,stim500pre,accuracy,correct,-0.175265834472072
sub009,open,V3d,stim500pre,accuracy,incorrect,-0.0549797091241206
sub009,open,V3d,stim500pre,accuracy_e,correct_e,-0.172892288683589
sub009,open,V3d,stim500pre,accuracy_e,incorrect_e,-0.0549797091241206
sub009,open,V3d,stim500pre,rt,fast,-0.131590329412876
sub009,open,V3d,stim500pre,rt,slow,-0.213043009414628
sub009,open,V3v,stim500pre,accuracy,correct,-0.23519404441265
sub009,open,V3v,stim500pre,accuracy,incorrect,0.179851735309732
sub009,open,V3v,stim500pre,accuracy_e,correct_e,-0.363770199570022
sub009,open,V3v,stim500pre,accuracy_e,incorrect_e,0.179851735309732
sub009,open,V3v,stim500pre,rt,fast,-0.197923547463438
sub009,open,V3v,stim500pre,rt,slow,-0.252200470635987
sub009,closed,V1d,stim500pre,accuracy,correct,-0.102884857483411
sub009,closed,V1d,stim500pre,accuracy,incorrect,-0.131338677879822
sub009,closed,V1d,stim500pre,accuracy_e,correct_e,-0.0194199248487611
sub009,closed,V1d,stim500pre,accuracy_e,incorrect_e,-0.131338677879822
sub009,closed,V1d,stim500pre,rt,fast,-0.298101132853946
sub009,closed,V1d,stim500pre,rt,slow,0.0643892400271287
sub009,closed,V1v,stim500pre,accuracy,correct,-0.184445616802256
sub009,closed,V1v,stim500pre,accuracy,incorrect,-0.138627335965516
sub009,closed,V1v,stim500pre,accuracy_e,correct_e,-0.0590063790336487
sub009,closed,V1v,stim500pre,accuracy_e,incorrect_e,-0.138627335965516
sub009,closed,V1v,stim500pre,rt,fast,-0.155532898538829
sub009,closed,V1v,stim500pre,rt,slow,-0.209416080381499
sub009,closed,V2d,stim500pre,accuracy,correct,-0.0390555778118219
sub009,closed,V2d,stim500pre,accuracy,incorrect,-0.202789277659533
sub009,closed,V2d,stim500pre,accuracy_e,correct_e,0.0227635792637519
sub009,closed,V2d,stim500pre,accuracy_e,incorrect_e,-0.202789277659533
sub009,closed,V2d,stim500pre,rt,fast,-0.232009592048636
sub009,closed,V2d,stim500pre,rt,slow,0.137615770069707
sub009,closed,V3a,stim500pre,accuracy,correct,-0.358410698150253
sub009,closed,V3a,stim500pre,accuracy,incorrect,-0.33279066828374
sub009,closed,V3a,stim500pre,accuracy_e,correct_e,-0.406931772933024
sub009,closed,V3a,stim500pre,accuracy_e,incorrect_e,-0.33279066828374
sub009,closed,V3a,stim500pre,rt,fast,-0.450533370766416
sub009,closed,V3a,stim500pre,rt,slow,-0.271394949328223
sub009,closed,V3b,stim500pre,accuracy,correct,-0.366582013774928
sub009,closed,V3b,stim500pre,accuracy,incorrect,-0.386005784891976
sub009,closed,V3b,stim500pre,accuracy_e,correct_e,-0.309338758170074
sub009,closed,V3b,stim500pre,accuracy_e,incorrect_e,-0.386005784891976
sub009,closed,V3b,stim500pre,rt,fast,-0.445689757080898
sub009,closed,V3b,stim500pre,rt,slow,-0.299032976868333
sub009,closed,V3d,stim500pre,accuracy,correct,-0.410330924317669
sub009,closed,V3d,stim500pre,accuracy,incorrect,-0.297102679144295
sub009,closed,V3d,stim500pre,accuracy_e,correct_e,-0.35752685295364
sub009,closed,V3d,stim500pre,accuracy_e,incorrect_e,-0.297102679144295
sub009,closed,V3d,stim500pre,rt,fast,-0.303374550278209
sub009,closed,V3d,stim500pre,rt,slow,-0.497390418945422
sub009,closed,V3v,stim500pre,accuracy,correct,-0.302183353063647
sub009,closed,V3v,stim500pre,accuracy,incorrect,-0.218725735734011
sub009,closed,V3v,stim500pre,accuracy_e,correct_e,-0.261977889593284
sub009,closed,V3v,stim500pre,accuracy_e,incorrect_e,-0.218725735734011
sub009,closed,V3v,stim500pre,rt,fast,-0.365221485906248
sub009,closed,V3v,stim500pre,rt,slow,-0.237541090881861
sub010,open,V1d,stim500pre,accuracy,correct,-0.0910185713967903
sub010,open,V1d,stim500pre,accuracy,incorrect,0.293446788861075
sub010,open,V1d,stim500pre,accuracy_e,correct_e,-0.178276792562968
sub010,open,V1d,stim500pre,accuracy_e,incorrect_e,0.293446788861075
sub010,open,V1d,stim500pre,rt,fast,-0.181021008482659
sub010,open,V1d,stim500pre,rt,slow,0.0125453821740538
sub010,open,V1v,stim500pre,accuracy,correct,-0.0760683371930992
sub010,open,V1v,stim500pre,accuracy,incorrect,0.160597576877078
sub010,open,V1v,stim500pre,accuracy_e,correct_e,-0.119976219067807
sub010,open,V1v,stim500pre,accuracy_e,incorrect_e,0.160597576877078
sub010,open,V1v,stim500pre,rt,fast,-0.189144615310868
sub010,open,V1v,stim500pre,rt,slow,0.054381578072886
sub010,open,V2d,stim500pre,accuracy,correct,-0.102884541263205
sub010,open,V2d,stim500pre,accuracy,incorrect,-0.0467968857427861
sub010,open,V2d,stim500pre,accuracy_e,correct_e,-0.0338430990405458
sub010,open,V2d,stim500pre,accuracy_e,incorrect_e,-0.0467968857427861
sub010,open,V2d,stim500pre,rt,fast,-0.126347926791249
sub010,open,V2d,stim500pre,rt,slow,-0.0760957774054158
sub010,open,V3a,stim500pre,accuracy,correct,-0.110093685250764
sub010,open,V3a,stim500pre,accuracy,incorrect,-0.0629784130695848
sub010,open,V3a,stim500pre,accuracy_e,correct_e,-0.301174321662217
sub010,open,V3a,stim500pre,accuracy_e,incorrect_e,-0.0629784130695848
sub010,open,V3a,stim500pre,rt,fast,-0.0901914996945107
sub010,open,V3a,stim500pre,rt,slow,-0.132548452637097
sub010,open,V3b,stim500pre,accuracy,correct,-0.0744395122601681
sub010,open,V3b,stim500pre,accuracy,incorrect,0.0436027112043555
sub010,open,V3b,stim500pre,accuracy_e,correct_e,0.00974712020559153
sub010,open,V3b,stim500pre,accuracy_e,incorrect_e,0.0436027112043555
sub010,open,V3b,stim500pre,rt,fast,-0.0764414803366134
sub010,open,V3b,stim500pre,rt,slow,-0.0720770646287674
sub010,open,V3d,stim500pre,accuracy,correct,0.00332495630566036
sub010,open,V3d,stim500pre,accuracy,incorrect,-0.165426443097486
sub010,open,V3d,stim500pre,accuracy_e,correct_e,-0.124491652853312
sub010,open,V3d,stim500pre,accuracy_e,incorrect_e,-0.165426443097486
sub010,open,V3d,stim500pre,rt,fast,0.0785952881157237
sub010,open,V3d,stim500pre,rt,slow,-0.0776692855779784
sub010,open,V3v,stim500pre,accuracy,correct,-0.0482255873195651
sub010,open,V3v,stim500pre,accuracy,incorrect,0.152615232273062
sub010,open,V3v,stim500pre,accuracy_e,correct_e,-0.19084811914794
sub010,open,V3v,stim500pre,accuracy_e,incorrect_e,0.152615232273062
sub010,open,V3v,stim500pre,rt,fast,-0.0376633420594631
sub010,open,V3v,stim500pre,rt,slow,-0.0581121860449603
sub010,closed,V1d,stim500pre,accuracy,correct,-0.410856812013441
sub010,closed,V1d,stim500pre,accuracy,incorrect,-0.402303030953673
sub010,closed,V1d,stim500pre,accuracy_e,correct_e,-0.19105739148903
sub010,closed,V1d,stim500pre,accuracy_e,incorrect_e,-0.402303030953673
sub010,closed,V1d,stim500pre,rt,fast,-0.320633873803496
sub010,closed,V1d,stim500pre,rt,slow,-0.498124441756466
sub010,closed,V1v,stim500pre,accuracy,correct,-0.34865090767629
sub010,closed,V1v,stim500pre,accuracy,incorrect,-0.297559919351475
sub010,closed,V1v,stim500pre,accuracy_e,correct_e,-0.1237452051813
sub010,closed,V1v,stim500pre,accuracy_e,incorrect_e,-0.297559919351475
sub010,closed,V1v,stim500pre,rt,fast,-0.281883422257809
sub010,closed,V1v,stim500pre,rt,slow,-0.419911252620562
sub010,closed,V2d,stim500pre,accuracy,correct,-0.508274963604426
sub010,closed,V2d,stim500pre,accuracy,incorrect,-0.31314537942474
sub010,closed,V2d,stim500pre,accuracy_e,correct_e,-0.389375286144271
sub010,closed,V2d,stim500pre,accuracy_e,incorrect_e,-0.31314537942474
sub010,closed,V2d,stim500pre,rt,fast,-0.554238054409128
sub010,closed,V2d,stim500pre,rt,slow,-0.448972886833659
sub010,closed,V3a,stim500pre,accuracy,correct,-0.353202323398624
sub010,closed,V3a,stim500pre,accuracy,incorrect,-0.392768134112812
sub010,closed,V3a,stim500pre,accuracy_e,correct_e,-0.253537498619623
sub010,closed,V3a,stim500pre,accuracy_e,incorrect_e,-0.392768134112812
sub010,closed,V3a,stim500pre,rt,fast,-0.431942803813852
sub010,closed,V3a,stim500pre,rt,slow,-0.257055480542216
sub010,closed,V3b,stim500pre,accuracy,correct,-0.29365097510934
sub010,closed,V3b,stim500pre,accuracy,incorrect,-0.277218224579255
sub010,closed,V3b,stim500pre,accuracy_e,correct_e,0.00756495011597045
sub010,closed,V3b,stim500pre,accuracy_e,incorrect_e,-0.277218224579255
sub010,closed,V3b,stim500pre,rt,fast,-0.280277179653567
sub010,closed,V3b,stim500pre,rt,slow,-0.30917189720656
sub010,closed,V3d,stim500pre,accuracy,correct,-0.37005099876875
sub010,closed,V3d,stim500pre,accuracy,incorrect,-0.491814073499901
sub010,closed,V3d,stim500pre,accuracy_e,correct_e,-0.425469497486928
sub010,closed,V3d,stim500pre,accuracy_e,incorrect_e,-0.491814073499901
sub010,closed,V3d,stim500pre,rt,fast,-0.430302765727661
sub010,closed,V3d,stim500pre,rt,slow,-0.316273655447592
sub010,closed,V3v,stim500pre,accuracy,correct,-0.287282937089177
sub010,closed,V3v,stim500pre,accuracy,incorrect,-0.366438045635305
sub010,closed,V3v,stim500pre,accuracy_e,correct_e,-0.165344720539723
sub010,closed,V3v,stim500pre,accuracy_e,incorrect_e,-0.366438045635305
sub010,closed,V3v,stim500pre,rt,fast,-0.264880440678857
sub010,closed,V3v,stim500pre,rt,slow,-0.313841479230655
sub011,open,V1d,stim500pre,accuracy,correct,0.0176741315864238
sub011,open,V1d,stim500pre,accuracy,incorrect,-0.0586564042876909
sub011,open,V1d,stim500pre,accuracy_e,correct_e,0.747116142121926
sub011,open,V1d,stim500pre,accuracy_e,incorrect_e,-0.0586564042876909
sub011,open,V1d,stim500pre,rt,fast,0.191842788322093
sub011,open,V1d,stim500pre,rt,slow,-0.120796191952456
sub011,open,V1v,stim500pre,accuracy,correct,0.0473520518999496
sub011,open,V1v,stim500pre,accuracy,incorrect,0.756043756554878
sub011,open,V1v,stim500pre,accuracy_e,correct_e,-0.0502352624668696
sub011,open,V1v,stim500pre,accuracy_e,incorrect_e,0.756043756554878
sub011,open,V1v,stim500pre,rt,fast,0.0747634460253999
sub011,open,V1v,stim500pre,rt,slow,0.0205829605242323
sub011,open,V2d,stim500pre,accuracy,correct,0.198917381184276
sub011,open,V2d,stim500pre,accuracy,incorrect,0.453058775450212
sub011,open,V2d,stim500pre,accuracy_e,correct_e,0.717587208220809
sub011,open,V2d,stim500pre,accuracy_e,incorrect_e,0.453058775450212
sub011,open,V2d,stim500pre,rt,fast,0.477449727959516
sub011,open,V2d,stim500pre,rt,slow,-0.0428764403858125
sub011,open,V3a,stim500pre,accuracy,correct,0.450796145446446
sub011,open,V3a,stim500pre,accuracy,incorrect,-0.0453917470637816
sub011,open,V3a,stim500pre,accuracy_e,correct_e,0.708889817365842
sub011,open,V3a,stim500pre,accuracy_e,incorrect_e,-0.0453917470637816
sub011,open,V3a,stim500pre,rt,fast,0.758639149120894
sub011,open,V3a,stim500pre,rt,slow,0.214909215458563
sub011,open,V3b,stim500pre,accuracy,correct,0.304520744191546
sub011,open,V3b,stim500pre,accuracy,incorrect,0.358766269925088
sub011,open,V3b,stim500pre,accuracy_e,correct_e,0.0374989947801343
sub011,open,V3b,stim500pre,accuracy_e,incorrect_e,0.358766269925088
sub011,open,V3b,stim500pre,rt,fast,0.462526320023719
sub011,open,V3b,stim500pre,rt,slow,0.187789889324966
sub011,open,V3d,stim500pre,accuracy,correct,0.54798345519192
sub011,open,V3d,stim500pre,accuracy,incorrect,-0.172472232500235
sub011,open,V3d,stim500pre,accuracy_e,correct_e,0.778779278408007
sub011,open,V3d,stim500pre,accuracy_e,incorrect_e,-0.172472232500235
sub011,open,V3d,stim500pre,rt,fast,0.754542445573809
sub011,open,V3d,stim500pre,rt,slow,0.376039075268615
sub011,open,V3v,stim500pre,accuracy,correct,-0.0145375303309622
sub011,open,V3v,stim500pre,accuracy,incorrect,-0.401362467034372
sub011,open,V3v,stim500pre,accuracy_e,correct_e,-0.100241783472414
sub011,open,V3v,stim500pre,accuracy_e,incorrect_e,-0.401362467034372
sub011,open,V3v,stim500pre,rt,fast,0.00684130436626832
sub011,open,V3v,stim500pre,rt,slow,-0.0189480613815524
sub011,closed,V1d,stim500pre,accuracy,correct,-0.261956583843311
sub011,closed,V1d,stim500pre,accuracy,incorrect,-0.172281841131569
sub011,closed,V1d,stim500pre,accuracy_e,correct_e,0.165679269052441
sub011,closed,V1d,stim500pre,accuracy_e,incorrect_e,-0.172281841131569
sub011,closed,V1d,stim500pre,rt,fast,-0.267902206642682
sub011,closed,V1d,stim500pre,rt,slow,-0.244126801425443
sub011,closed,V1v,stim500pre,accuracy,correct,-0.4423916621826
sub011,closed,V1v,stim500pre,accuracy,incorrect,-0.0727678169585966
sub011,closed,V1v,stim500pre,accuracy_e,correct_e,-0.455963112688927
sub011,closed,V1v,stim500pre,accuracy_e,incorrect_e,-0.0727678169585966
sub011,closed,V1v,stim500pre,rt,fast,-0.377172493282081
sub011,closed,V1v,stim500pre,rt,slow,-0.499291723331851
sub011,closed,V2d,stim500pre,accuracy,correct,-0.303453734631594
sub011,closed,V2d,stim500pre,accuracy,incorrect,-0.353372778027603
sub011,closed,V2d,stim500pre,accuracy_e,correct_e,0.047473820985155
sub011,closed,V2d,stim500pre,accuracy_e,incorrect_e,-0.353372778027603
sub011,closed,V2d,stim500pre,rt,fast,-0.365166288833965
sub011,closed,V2d,stim500pre,rt,slow,-0.25020315161569
sub011,closed,V3a,stim500pre,accuracy,correct,-0.286103218655599
sub011,closed,V3a,stim500pre,accuracy,incorrect,-0.108041297912547
sub011,closed,V3a,stim500pre,accuracy_e,correct_e,-0.251073018252111
sub011,closed,V3a,stim500pre,accuracy_e,incorrect_e,-0.108041297912547
sub011,closed,V3a,stim500pre,rt,fast,-0.33244976818266
sub011,closed,V3a,stim500pre,rt,slow,-0.228153009094228
sub011,closed,V3b,stim500pre,accuracy,correct,-0.539903204247278
sub011,closed,V3b,stim500pre,accuracy,incorrect,-0.243349515785429
sub011,closed,V3b,stim500pre,accuracy_e,correct_e,-0.494274357736333
sub011,closed,V3b,stim500pre,accuracy_e,incorrect_e,-0.243349515785429
sub011,closed,V3b,stim500pre,rt,fast,-0.518752113247695
sub011,closed,V3b,stim500pre,rt,slow,-0.565569669371695
sub011,closed,V3d,stim500pre,accuracy,correct,-0.371543591564538
sub011,closed,V3d,stim500pre,accuracy,incorrect,-0.466545765405613
sub011,closed,V3d,stim500pre,accuracy_e,correct_e,-0.229927355280588
sub011,closed,V3d,stim500pre,accuracy_e,incorrect_e,-0.466545765405613
sub011,closed,V3d,stim500pre,rt,fast,-0.388008448873789
sub011,closed,V3d,stim500pre,rt,slow,-0.350892616362767
sub011,closed,V3v,stim500pre,accuracy,correct,-0.34148368378066
sub011,closed,V3v,stim500pre,accuracy,incorrect,-0.298253857987045
sub011,closed,V3v,stim500pre,accuracy_e,correct_e,-0.32596913345522
sub011,closed,V3v,stim500pre,accuracy_e,incorrect_e,-0.298253857987045
sub011,closed,V3v,stim500pre,rt,fast,-0.238879627214827
sub011,closed,V3v,stim500pre,rt,slow,-0.427868452530072
sub012,open,V1d,stim500pre,accuracy,correct,0.0691542382240601
sub012,open,V1d,stim500pre,accuracy,incorrect,-0.164496598900159
sub012,open,V1d,stim500pre,accuracy_e,correct_e,0.187383445978532
sub012,open,V1d,stim500pre,accuracy_e,incorrect_e,-0.164496598900159
sub012,open,V1d,stim500pre,rt,fast,0.156367869220013
sub012,open,V1d,stim500pre,rt,slow,-0.0121135606592823
sub012,open,V1v,stim500pre,accuracy,correct,0.00622536376416344
sub012,open,V1v,stim500pre,accuracy,incorrect,-0.154031532922736
sub012,open,V1v,stim500pre,accuracy_e,correct_e,0.0460913363764223
sub012,open,V1v,stim500pre,accuracy_e,incorrect_e,-0.154031532922736
sub012,open,V1v,stim500pre,rt,fast,0.089222039973
sub012,open,V1v,stim500pre,rt,slow,-0.0740835688671025
sub012,open,V2d,stim500pre,accuracy,correct,0.0543724035012622
sub012,open,V2d,stim500pre,accuracy,incorrect,-0.282812417707815
sub012,open,V2d,stim500pre,accuracy_e,correct_e,0.271314134573279
sub012,open,V2d,stim500pre,accuracy_e,incorrect_e,-0.282812417707815
sub012,open,V2d,stim500pre,rt,fast,0.106666898282612
sub012,open,V2d,stim500pre,rt,slow,0.0066359070324239
sub012,open,V3a,stim500pre,accuracy,correct,0.0800364907694953
sub012,open,V3a,stim500pre,accuracy,incorrect,-0.156595149667281
sub012,open,V3a,stim500pre,accuracy_e,correct_e,-0.07972449754891
sub012,open,V3a,stim500pre,accuracy_e,incorrect_e,-0.156595149667281
sub012,open,V3a,stim500pre,rt,fast,0.21038858141338
sub012,open,V3a,stim500pre,rt,slow,-0.0440956522090422
sub012,open,V3b,stim500pre,accuracy,correct,0.170264998880463
sub012,open,V3b,stim500pre,accuracy,incorrect,-0.0745328370272205
sub012,open,V3b,stim500pre,accuracy_e,correct_e,0.487881707002907
sub012,open,V3b,stim500pre,accuracy_e,incorrect_e,-0.0745328370272205
sub012,open,V3b,stim500pre,rt,fast,0.120004063908683
sub012,open,V3b,stim500pre,rt,slow,0.229104830915343
sub012,open,V3d,stim500pre,accuracy,correct,0.0102906885500115
sub012,open,V3d,stim500pre,accuracy,incorrect,-0.0828278914492874
sub012,open,V3d,stim500pre,accuracy_e,correct_e,0.0332973135734379
sub012,open,V3d,stim500pre,accuracy_e,incorrect_e,-0.0828278914492874
sub012,open,V3d,stim500pre,rt,fast,0.201797348271809
sub012,open,V3d,stim500pre,rt,slow,-0.137593032956811
sub012,open,V3v,stim500pre,accuracy,correct,-0.0338705394451455
sub012,open,V3v,stim500pre,accuracy,incorrect,-0.330612493704775
sub012,open,V3v,stim500pre,accuracy_e,correct_e,0.0745203929334515
sub012,open,V3v,stim500pre,accuracy_e,incorrect_e,-0.330612493704775
sub012,open,V3v,stim500pre,rt,fast,-0.0113242600786719
sub012,open,V3v,stim500pre,rt,slow,-0.0588225909154585
sub012,closed,V1d,stim500pre,accuracy,correct,-0.168201652740067
sub012,closed,V1d,stim500pre,accuracy,incorrect,-0.167747558507839
sub012,closed,V1d,stim500pre,accuracy_e,correct_e,-0.35545425307131
sub012,closed,V1d,stim500pre,accuracy_e,incorrect_e,-0.167747558507839
sub012,closed,V1d,stim500pre,rt,fast,-0.0913368221108357
sub012,closed,V1d,stim500pre,rt,slow,-0.248900898847106
sub012,closed,V1v,stim500pre,accuracy,correct,-0.234997616714242
sub012,closed,V1v,stim500pre,accuracy,incorrect,-0.173841353339501
sub012,closed,V1v,stim500pre,accuracy_e,correct_e,-0.334096703932813
sub012,closed,V1v,stim500pre,accuracy_e,incorrect_e,-0.173841353339501
sub012,closed,V1v,stim500pre,rt,fast,-0.18102995663789
sub012,closed,V1v,stim500pre,rt,slow,-0.291719099164237
sub012,closed,V2d,stim500pre,accuracy,correct,-0.207402686144803
sub012,closed,V2d,stim500pre,accuracy,incorrect,-0.206616830690584
sub012,closed,V2d,stim500pre,accuracy_e,correct_e,-0.365035784208696
sub012,closed,V2d,stim500pre,accuracy_e,incorrect_e,-0.206616830690584
sub012,closed,V2d,stim500pre,rt,fast,-0.127428159239226
sub012,closed,V2d,stim500pre,rt,slow,-0.288533604502711
sub012,closed,V3a,stim500pre,accuracy,correct,-0.11775925050835
sub012,closed,V3a,stim500pre,accuracy,incorrect,-0.314469391710297
sub012,closed,V3a,stim500pre,accuracy_e,correct_e,-0.116567745998103
sub012,closed,V3a,stim500pre,accuracy_e,incorrect_e,-0.314469391710297
sub012,closed,V3a,stim500pre,rt,fast,-0.339842610697037
sub012,closed,V3a,stim500pre,rt,slow,0.216524788180185
sub012,closed,V3b,stim500pre,accuracy,correct,-0.0772471999777872
sub012,closed,V3b,stim500pre,accuracy,incorrect,-0.236167183607764
sub012,closed,V3b,stim500pre,accuracy_e,correct_e,-0.394054987993911
sub012,closed,V3b,stim500pre,accuracy_e,incorrect_e,-0.236167183607764
sub012,closed,V3b,stim500pre,rt,fast,-0.144607259943431
sub012,closed,V3b,stim500pre,rt,slow,0.00927234758610031
sub012,closed,V3d,stim500pre,accuracy,correct,-0.261264322872951
sub012,closed,V3d,stim500pre,accuracy,incorrect,-0.0788190268723301
sub012,closed,V3d,stim500pre,accuracy_e,correct_e,-0.287375442247572
sub012,closed,V3d,stim500pre,accuracy_e,incorrect_e,-0.0788190268723301
sub012,closed,V3d,stim500pre,rt,fast,-0.292261296562171
sub012,closed,V3d,stim500pre,rt,slow,-0.247953631810378
sub012,closed,V3v,stim500pre,accuracy,correct,-0.180127260432343
sub012,closed,V3v,stim500pre,accuracy,incorrect,-0.277544946298232
sub012,closed,V3v,stim500pre,accuracy_e,correct_e,0.0859462258715543
sub012,closed,V3v,stim500pre,accuracy_e,incorrect_e,-0.277544946298232
sub012,closed,V3v,stim500pre,rt,fast,-0.189079526907871
sub012,closed,V3v,stim500pre,rt,slow,-0.173517459755924
sub017,open,V1d,stim500pre,accuracy,correct,0.0635253566952414
sub017,open,V1d,stim500pre,accuracy,incorrect,-0.0522599912913018
sub017,open,V1d,stim500pre,accuracy_e,correct_e,0.379259015986452
sub017,open,V1d,stim500pre,accuracy_e,incorrect_e,-0.0522599912913018
sub017,open,V1d,stim500pre,rt,fast,0.113798037882096
sub017,open,V1d,stim500pre,rt,slow,0.0210207860178019
sub017,open,V1v,stim500pre,accuracy,correct,-0.0206991541965275
sub017,open,V1v,stim500pre,accuracy,incorrect,0.587096244768625
sub017,open,V1v,stim500pre,accuracy_e,correct_e,0.0735950883117876
sub017,open,V1v,stim500pre,accuracy_e,incorrect_e,0.587096244768625
sub017,open,V1v,stim500pre,rt,fast,-0.130263467124633
sub017,open,V1v,stim500pre,rt,slow,0.10627528310992
sub017,open,V2d,stim500pre,accuracy,correct,0.139279987343929
sub017,open,V2d,stim500pre,accuracy,incorrect,0.239864479703197
sub017,open,V2d,stim500pre,accuracy_e,correct_e,0.499460018036401
sub017,open,V2d,stim500pre,accuracy_e,incorrect_e,0.239864479703197
sub017,open,V2d,stim500pre,rt,fast,0.0843099903608659
sub017,open,V2d,stim500pre,rt,slow,0.195567974997698
sub017,open,V3a,stim500pre,accuracy,correct,0.146976314569021
sub017,open,V3a,stim500pre,accuracy,incorrect,-0.0320754117795328
sub017,open,V3a,stim500pre,accuracy_e,correct_e,0.344352650968858
sub017,open,V3a,stim500pre,accuracy_e,incorrect_e,-0.0320754117795328
sub017,open,V3a,stim500pre,rt,fast,0.159422743055811
sub017,open,V3a,stim500pre,rt,slow,0.165940557649619
sub017,open,V3b,stim500pre,accuracy,correct,0.210057672045535
sub017,open,V3b,stim500pre,accuracy,incorrect,1.59891456061011
sub017,open,V3b,stim500pre,accuracy_e,correct_e,-0.0791433569341659
sub017,open,V3b,stim500pre,accuracy_e,incorrect_e,1.59891456061011
sub017,open,V3b,stim500pre,rt,fast,0.0799632440517796
sub017,open,V3b,stim500pre,rt,slow,0.351862576664877
sub017,open,V3d,stim500pre,accuracy,correct,0.124584047712157
sub017,open,V3d,stim500pre,accuracy,incorrect,0.282068750873236
sub017,open,V3d,stim500pre,accuracy_e,correct_e,0.256753927329647
sub017,open,V3d,stim500pre,accuracy_e,incorrect_e,0.282068750873236
sub017,open,V3d,stim500pre,rt,fast,0.199187689605632
sub017,open,V3d,stim500pre,rt,slow,0.0563883762336135
sub017,open,V3v,stim500pre,accuracy,correct,0.0494509803108798
sub017,open,V3v,stim500pre,accuracy,incorrect,-0.0639621252797646
sub017,open,V3v,stim500pre,accuracy_e,correct_e,0.175638920615954
sub017,open,V3v,stim500pre,accuracy_e,incorrect_e,-0.0639621252797646
sub017,open,V3v,stim500pre,rt,fast,0.167448420089786
sub017,open,V3v,stim500pre,rt,slow,-0.053336383038763
sub017,closed,V1d,stim500pre,accuracy,correct,-0.430189546297707
sub017,closed,V1d,stim500pre,accuracy,incorrect,-0.336506301001761
sub017,closed,V1d,stim500pre,accuracy_e,correct_e,-0.0935383170373057
sub017,closed,V1d,stim500pre,accuracy_e,incorrect_e,-0.336506301001761
sub017,closed,V1d,stim500pre,rt,fast,-0.430066755043064
sub017,closed,V1d,stim500pre,rt,slow,-0.459823454883406
sub017,closed,V1v,stim500pre,accuracy,correct,-0.318673603364691
sub017,closed,V1v,stim500pre,accuracy,incorrect,-0.499900909860116
sub017,closed,V1v,stim500pre,accuracy_e,correct_e,-0.264774190665694
sub017,closed,V1v,stim500pre,accuracy_e,incorrect_e,-0.499900909860116
sub017,closed,V1v,stim500pre,rt,fast,-0.352658915381069
sub017,closed,V1v,stim500pre,rt,slow,-0.282756888938644
sub017,closed,V2d,stim500pre,accuracy,correct,-0.432800737453207
sub017,closed,V2d,stim500pre,accuracy,incorrect,-0.256651217887912
sub017,closed,V2d,stim500pre,accuracy_e,correct_e,-0.133049044410214
sub017,closed,V2d,stim500pre,accuracy_e,incorrect_e,-0.256651217887912
sub017,closed,V2d,stim500pre,rt,fast,-0.461319892354077
sub017,closed,V2d,stim500pre,rt,slow,-0.43245337058669
sub017,closed,V3a,stim500pre,accuracy,correct,-0.286801984720966
sub017,closed,V3a,stim500pre,accuracy,incorrect,-0.60134037025267
sub017,closed,V3a,stim500pre,accuracy_e,correct_e,0.257721983034073
sub017,closed,V3a,stim500pre,accuracy_e,incorrect_e,-0.60134037025267
sub017,closed,V3a,stim500pre,rt,fast,-0.251968327594968
sub017,closed,V3a,stim500pre,rt,slow,-0.320741892808675
sub017,closed,V3b,stim500pre,accuracy,correct,-0.279257292656111
sub017,closed,V3b,stim500pre,accuracy,incorrect,-0.297051951331234
sub017,closed,V3b,stim500pre,accuracy_e,correct_e,-0.410905309878597
sub017,closed,V3b,stim500pre,accuracy_e,incorrect_e,-0.297051951331234
sub017,closed,V3b,stim500pre,rt,fast,-0.425602410160052
sub017,closed,V3b,stim500pre,rt,slow,-0.140262288429627
sub017,closed,V3d,stim500pre,accuracy,correct,-0.146885185374349
sub017,closed,V3d,stim500pre,accuracy,incorrect,-0.404370543670828
sub017,closed,V3d,stim500pre,accuracy_e,correct_e,0.0301365511221699
sub017,closed,V3d,stim500pre,accuracy_e,incorrect_e,-0.404370543670828
sub017,closed,V3d,stim500pre,rt,fast,-0.0685453781372708
sub017,closed,V3d,stim500pre,rt,slow,-0.261361203672729
sub017,closed,V3v,stim500pre,accuracy,correct,-0.194716621091206
sub017,closed,V3v,stim500pre,accuracy,incorrect,-0.307280671761201
sub017,closed,V3v,stim500pre,accuracy_e,correct_e,-0.389379565756765
sub017,closed,V3v,stim500pre,accuracy_e,incorrect_e,-0.307280671761201
sub017,closed,V3v,stim500pre,rt,fast,-0.257468567985899
sub017,closed,V3v,stim500pre,rt,slow,-0.129662027675146
sub018,open,V1d,stim500pre,accuracy,correct,-0.0511709830109094
sub018,open,V1d,stim500pre,accuracy,incorrect,0.185257888699974
sub018,open,V1d,stim500pre,accuracy_e,correct_e,0.0116382626066348
sub018,open,V1d,stim500pre,accuracy_e,incorrect_e,0.185257888699974
sub018,open,V1d,stim500pre,rt,fast,-0.0704950679650644
sub018,open,V1d,stim500pre,rt,slow,-0.0298110685913464
sub018,open,V1v,stim500pre,accuracy,correct,-0.104123263362385
sub018,open,V1v,stim500pre,accuracy,incorrect,0.411288244310608
sub018,open,V1v,stim500pre,accuracy_e,correct_e,-0.0851718082552732
sub018,open,V1v,stim500pre,accuracy_e,incorrect_e,0.411288244310608
sub018,open,V1v,stim500pre,rt,fast,-0.161029343575562
sub018,open,V1v,stim500pre,rt,slow,-0.0328811613139242
sub018,open,V2d,stim500pre,accuracy,correct,-0.00437870295383981
sub018,open,V2d,stim500pre,accuracy,incorrect,0.0558427503872227
sub018,open,V2d,stim500pre,accuracy_e,correct_e,-0.0040764174214775
sub018,open,V2d,stim500pre,accuracy_e,incorrect_e,0.0558427503872227
sub018,open,V2d,stim500pre,rt,fast,-0.0438897237633632
sub018,open,V2d,stim500pre,rt,slow,0.0387931354160873
sub018,open,V3a,stim500pre,accuracy,correct,0.0246525000461878
sub018,open,V3a,stim500pre,accuracy,incorrect,-0.0192898570461502
sub018,open,V3a,stim500pre,accuracy_e,correct_e,0.117909050683665
sub018,open,V3a,stim500pre,accuracy_e,incorrect_e,-0.0192898570461502
sub018,open,V3a,stim500pre,rt,fast,-0.0898865642096227
sub018,open,V3a,stim500pre,rt,slow,0.17799033943088
sub018,open,V3b,stim500pre,accuracy,correct,0.030349332743559
sub018,open,V3b,stim500pre,accuracy,incorrect,0.303372701114042
sub018,open,V3b,stim500pre,accuracy_e,correct_e,0.00852425359492383
sub018,open,V3b,stim500pre,accuracy_e,incorrect_e,0.303372701114042
sub018,open,V3b,stim500pre,rt,fast,0.0463717147917324
sub018,open,V3b,stim500pre,rt,slow,0.0130425949675911
sub018,open,V3d,stim500pre,accuracy,correct,-0.0636208027192169
sub018,open,V3d,stim500pre,accuracy,incorrect,0.18854560352895
sub018,open,V3d,stim500pre,accuracy_e,correct_e,-0.0734957740067574
sub018,open,V3d,stim500pre,accuracy_e,incorrect_e,0.18854560352895
sub018,open,V3d,stim500pre,rt,fast,-0.0841369618511483
sub018,open,V3d,stim500pre,rt,slow,-0.0383222854907342
sub018,open,V3v,stim500pre,accuracy,correct,-0.0745200161784532
sub018,open,V3v,stim500pre,accuracy,incorrect,0.20938576784992
sub018,open,V3v,stim500pre,accuracy_e,correct_e,0.0252657153580838
sub018,open,V3v,stim500pre,accuracy_e,incorrect_e,0.20938576784992
sub018,open,V3v,stim500pre,rt,fast,-0.156093206906431
sub018,open,V3v,stim500pre,rt,slow,0.0352664011325742
sub018,closed,V1d,stim500pre,accuracy,correct,-0.0976068878789495
sub018,closed,V1d,stim500pre,accuracy,incorrect,-0.00478183280605161
sub018,closed,V1d,stim500pre,accuracy_e,correct_e,-0.0907627045203243
sub018,closed,V1d,stim500pre,accuracy_e,incorrect_e,-0.00478183280605161
sub018,closed,V1d,stim500pre,rt,fast,-0.0109660623902131
sub018,closed,V1d,stim500pre,rt,slow,-0.220919167085058
sub018,closed,V1v,stim500pre,accuracy,correct,-0.0957999932666215
sub018,closed,V1v,stim500pre,accuracy,incorrect,-0.180638393519966
sub018,closed,V1v,stim500pre,accuracy_e,correct_e,-0.083337076148295
sub018,closed,V1v,stim500pre,accuracy_e,incorrect_e,-0.180638393519966
sub018,closed,V1v,stim500pre,rt,fast,-0.0801109314380932
sub018,closed,V1v,stim500pre,rt,slow,-0.134955552261691
sub018,closed,V2d,stim500pre,accuracy,correct,-0.0798581899866547
sub018,closed,V2d,stim500pre,accuracy,incorrect,0.0630222270037064
sub018,closed,V2d,stim500pre,accuracy_e,correct_e,-0.100692189187169
sub018,closed,V2d,stim500pre,accuracy_e,incorrect_e,0.0630222270037064
sub018,closed,V2d,stim500pre,rt,fast,0.0390024512348804
sub018,closed,V2d,stim500pre,rt,slow,-0.218737585045615
sub018,closed,V3a,stim500pre,accuracy,correct,0.058009918907865
sub018,closed,V3a,stim500pre,accuracy,incorrect,-0.0225174015587713
sub018,closed,V3a,stim500pre,accuracy_e,correct_e,-0.00573033759428376
sub018,closed,V3a,stim500pre,accuracy_e,incorrect_e,-0.0225174015587713
sub018,closed,V3a,stim500pre,rt,fast,0.0429656580687875
sub018,closed,V3a,stim500pre,rt,slow,0.0055593836638953
sub018,closed,V3b,stim500pre,accuracy,correct,0.0773680573690453
sub018,closed,V3b,stim500pre,accuracy,incorrect,0.075336995738323
sub018,closed,V3b,stim500pre,accuracy_e,correct_e,-0.0320538693055839
sub018,closed,V3b,stim500pre,accuracy_e,incorrect_e,0.075336995738323
sub018,closed,V3b,stim500pre,rt,fast,0.111601507384127
sub018,closed,V3b,stim500pre,rt,slow,0.0476615484326372
sub018,closed,V3d,stim500pre,accuracy,correct,-0.0640768365635793
sub018,closed,V3d,stim500pre,accuracy,incorrect,-0.0345493063598466
sub018,closed,V3d,stim500pre,accuracy_e,correct_e,-0.117873647340778
sub018,closed,V3d,stim500pre,accuracy_e,incorrect_e,-0.0345493063598466
sub018,closed,V3d,stim500pre,rt,fast,0.0805108744983386
sub018,closed,V3d,stim500pre,rt,slow,-0.243579197157352
sub018,closed,V3v,stim500pre,accuracy,correct,-0.12296064911361
sub018,closed,V3v,stim500pre,accuracy,incorrect,-0.0979562566065613
sub018,closed,V3v,stim500pre,accuracy_e,correct_e,-0.16359143413266
sub018,closed,V3v,stim500pre,accuracy_e,incorrect_e,-0.0979562566065613
sub018,closed,V3v,stim500pre,rt,fast,-0.157230990098824
sub018,closed,V3v,stim500pre,rt,slow,-0.122455057156151
sub020,open,V1d,stim500pre,accuracy,correct,-0.152842917212282
sub020,open,V1d,stim500pre,accuracy,incorrect,-0.0145407833269604
sub020,open,V1d,stim500pre,accuracy_e,correct_e,-0.0789449886672502
sub020,open,V1d,stim500pre,accuracy_e,incorrect_e,-0.0145407833269604
sub020,open,V1d,stim500pre,rt,fast,-0.209831483657874
sub020,open,V1d,stim500pre,rt,slow,-0.0303957528983922
sub020,open,V1v,stim500pre,accuracy,correct,-0.200809470042729
sub020,open,V1v,stim500pre,accuracy,incorrect,-0.00529354691295039
sub020,open,V1v,stim500pre,accuracy_e,correct_e,-0.0930013443872812
sub020,open,V1v,stim500pre,accuracy_e,incorrect_e,-0.00529354691295039
sub020,open,V1v,stim500pre,rt,fast,-0.21554114794025
sub020,open,V1v,stim500pre,rt,slow,-0.145754730535567
sub020,open,V2d,stim500pre,accuracy,correct,-0.0654051219917087
sub020,open,V2d,stim500pre,accuracy,incorrect,-0.0273588417933038
sub020,open,V2d,stim500pre,accuracy_e,correct_e,-0.0420691790244171
sub020,open,V2d,stim500pre,accuracy_e,incorrect_e,-0.0273588417933038
sub020,open,V2d,stim500pre,rt,fast,-0.112888496580081
sub020,open,V2d,stim500pre,rt,slow,0.018759718587042
sub020,open,V3a,stim500pre,accuracy,correct,-0.0459948693846183
sub020,open,V3a,stim500pre,accuracy,incorrect,-0.154377296831698
sub020,open,V3a,stim500pre,accuracy_e,correct_e,-0.0926621449906682
sub020,open,V3a,stim500pre,accuracy_e,incorrect_e,-0.154377296831698
sub020,open,V3a,stim500pre,rt,fast,0.259041271267712
sub020,open,V3a,stim500pre,rt,slow,-0.26622143358297
sub020,open,V3b,stim500pre,accuracy,correct,-0.0556886236459217
sub020,open,V3b,stim500pre,accuracy,incorrect,0.181733683669774
sub020,open,V3b,stim500pre,accuracy_e,correct_e,-0.157640513283836
sub020,open,V3b,stim500pre,accuracy_e,incorrect_e,0.181733683669774
sub020,open,V3b,stim500pre,rt,fast,0.127663231009367
sub020,open,V3b,stim500pre,rt,slow,-0.211157319141526
sub020,open,V3d,stim500pre,accuracy,correct,-0.0302129419554763
sub020,open,V3d,stim500pre,accuracy,incorrect,-0.11676257211245
sub020,open,V3d,stim500pre,accuracy_e,correct_e,0.0287875690693201
sub020,open,V3d,stim500pre,accuracy_e,incorrect_e,-0.11676257211245
sub020,open,V3d,stim500pre,rt,fast,0.0588708519613598
sub020,open,V3d,stim500pre,rt,slow,-0.115359310710491
sub020,open,V3v,stim500pre,accuracy,correct,-0.260408668615492
sub020,open,V3v,stim500pre,accuracy,incorrect,0.105277408329227
sub020,open,V3v,stim500pre,accuracy_e,correct_e,-0.258250475952917
sub020,open,V3v,stim500pre,accuracy_e,incorrect_e,0.105277408329227
sub020,open,V3v,stim500pre,rt,fast,-0.258738989903123
sub020,open,V3v,stim500pre,rt,slow,-0.23345078781948
sub020,closed,V1d,stim500pre,accuracy,correct,0.00132188081588204
sub020,closed,V1d,stim500pre,accuracy,incorrect,-0.267135952626281
sub020,closed,V1d,stim500pre,accuracy_e,correct_e,-0.0384701884001243
sub020,closed,V1d,stim500pre,accuracy_e,incorrect_e,-0.267135952626281
sub020,closed,V1d,stim500pre,rt,fast,-0.0254116826242854
sub020,closed,V1d,stim500pre,rt,slow,0.0368281254559619
sub020,closed,V1v,stim500pre,accuracy,correct,-0.125232550294249
sub020,closed,V1v,stim500pre,accuracy,incorrect,-0.269038829463369
sub020,closed,V1v,stim500pre,accuracy_e,correct_e,-0.167331690502845
sub020,closed,V1v,stim500pre,accuracy_e,incorrect_e,-0.269038829463369
sub020,closed,V1v,stim500pre,rt,fast,-0.174204911149762
sub020,closed,V1v,stim500pre,rt,slow,-0.0631778470958979
sub020,closed,V2d,stim500pre,accuracy,correct,0.067126947017513
sub020,closed,V2d,stim500pre,accuracy,incorrect,-0.136582407531748
sub020,closed,V2d,stim500pre,accuracy_e,correct_e,0.0799075186553131
sub020,closed,V2d,stim500pre,accuracy_e,incorrect_e,-0.136582407531748
sub020,closed,V2d,stim500pre,rt,fast,0.0495356365114409
sub020,closed,V2d,stim500pre,rt,slow,0.0931026881645085
sub020,closed,V3a,stim500pre,accuracy,correct,-0.13721605870162
sub020,closed,V3a,stim500pre,accuracy,incorrect,-0.141703907863328
sub020,closed,V3a,stim500pre,accuracy_e,correct_e,-0.194780207656029
sub020,closed,V3a,stim500pre,accuracy_e,incorrect_e,-0.141703907863328
sub020,closed,V3a,stim500pre,rt,fast,-0.15849159718131
sub020,closed,V3a,stim500pre,rt,slow,-0.106390522030811
sub020,closed,V3b,stim500pre,accuracy,correct,-0.190482122181029
sub020,closed,V3b,stim500pre,accuracy,incorrect,-0.277720653382209
sub020,closed,V3b,stim500pre,accuracy_e,correct_e,-0.205650506880338
sub020,closed,V3b,stim500pre,accuracy_e,incorrect_e,-0.277720653382209
sub020,closed,V3b,stim500pre,rt,fast,-0.0948896410915771
sub020,closed,V3b,stim500pre,rt,slow,-0.290276680776841
sub020,closed,V3d,stim500pre,accuracy,correct,-0.239449734958948
sub020,closed,V3d,stim500pre,accuracy,incorrect,-0.153096012028495
sub020,closed,V3d,stim500pre,accuracy_e,correct_e,-0.284401005084367
sub020,closed,V3d,stim500pre,accuracy_e,incorrect_e,-0.153096012028495
sub020,closed,V3d,stim500pre,rt,fast,-0.287682635740264
sub020,closed,V3d,stim500pre,rt,slow,-0.180132288912625
sub020,closed,V3v,stim500pre,accuracy,correct,-0.163178574921992
sub020,closed,V3v,stim500pre,accuracy,incorrect,-0.244721440355294
sub020,closed,V3v,stim500pre,accuracy_e,correct_e,-0.261126839762377
sub020,closed,V3v,stim500pre,accuracy_e,incorrect_e,-0.244721440355294
sub020,closed,V3v,stim500pre,rt,fast,-0.226849250277918
sub020,closed,V3v,stim500pre,rt,slow,-0.0878583726366024
sub021,open,V1d,stim500pre,accuracy,correct,0.168536644621543
sub021,open,V1d,stim500pre,accuracy,incorrect,0.155523398664846
sub021,open,V1d,stim500pre,accuracy_e,correct_e,0.0331209381040344
sub021,open,V1d,stim500pre,accuracy_e,incorrect_e,0.155523398664846
sub021,open,V1d,stim500pre,rt,fast,0.154730561199585
sub021,open,V1d,stim500pre,rt,slow,0.187554155513817
sub021,open,V1v,stim500pre,accuracy,correct,0.0658072759819344
sub021,open,V1v,stim500pre,accuracy,incorrect,0.104169908437848
sub021,open,V1v,stim500pre,accuracy_e,correct_e,-0.0288363329378083
sub021,open,V1v,stim500pre,accuracy_e,incorrect_e,0.104169908437848
sub021,open,V1v,stim500pre,rt,fast,0.093294043060435
sub021,open,V1v,stim500pre,rt,slow,0.0367231947396991
sub021,open,V2d,stim500pre,accuracy,correct,0.27696848785346
sub021,open,V2d,stim500pre,accuracy,incorrect,0.113894423110486
sub021,open,V2d,stim500pre,accuracy_e,correct_e,0.149732999199336
sub021,open,V2d,stim500pre,accuracy_e,incorrect_e,0.113894423110486
sub021,open,V2d,stim500pre,rt,fast,0.295708928285706
sub021,open,V2d,stim500pre,rt,slow,0.263784011243371
sub021,open,V3a,stim500pre,accuracy,correct,0.0812336619715295
sub021,open,V3a,stim500pre,accuracy,incorrect,-0.0487857312473738
sub021,open,V3a,stim500pre,accuracy_e,correct_e,0.133427411654988
sub021,open,V3a,stim500pre,accuracy_e,incorrect_e,-0.0487857312473738
sub021,open,V3a,stim500pre,rt,fast,-0.0353143521233013
sub021,open,V3a,stim500pre,rt,slow,0.242938831095402
sub021,open,V3b,stim500pre,accuracy,correct,0.224313906929027
sub021,open,V3b,stim500pre,accuracy,incorrect,-0.149340754341996
sub021,open,V3b,stim500pre,accuracy_e,correct_e,0.207784543987907
sub021,open,V3b,stim500pre,accuracy_e,incorrect_e,-0.149340754341996
sub021,open,V3b,stim500pre,rt,fast,0.283145274790607
sub021,open,V3b,stim500pre,rt,slow,0.176362471242402
sub021,open,V3d,stim500pre,accuracy,correct,0.145990557255763
sub021,open,V3d,stim500pre,accuracy,incorrect,-0.00755262583615181
sub021,open,V3d,stim500pre,accuracy_e,correct_e,0.186912895227225
sub021,open,V3d,stim500pre,accuracy_e,incorrect_e,-0.00755262583615181
sub021,open,V3d,stim500pre,rt,fast,0.21758479530019
sub021,open,V3d,stim500pre,rt,slow,0.0658400700703634
sub021,open,V3v,stim500pre,accuracy,correct,-0.0378081415081665
sub021,open,V3v,stim500pre,accuracy,incorrect,-0.0993195439615351
sub021,open,V3v,stim500pre,accuracy_e,correct_e,-0.050768126976631
sub021,open,V3v,stim500pre,accuracy_e,incorrect_e,-0.0993195439615351
sub021,open,V3v,stim500pre,rt,fast,-0.0877344385032535
sub021,open,V3v,stim500pre,rt,slow,0.0221965569037229
sub021,closed,V1d,stim500pre,accuracy,correct,-0.0757931362248015
sub021,closed,V1d,stim500pre,accuracy,incorrect,-0.180022608755901
sub021,closed,V1d,stim500pre,accuracy_e,correct_e,0.03549508381358
sub021,closed,V1d,stim500pre,accuracy_e,incorrect_e,-0.180022608755901
sub021,closed,V1d,stim500pre,rt,fast,-0.0839733320850707
sub021,closed,V1d,stim500pre,rt,slow,-0.0416956346942799
sub021,closed,V1v,stim500pre,accuracy,correct,-0.173185161779533
sub021,closed,V1v,stim500pre,accuracy,incorrect,-0.265247218179606
sub021,closed,V1v,stim500pre,accuracy_e,correct_e,-0.132592891138863
sub021,closed,V1v,stim500pre,accuracy_e,incorrect_e,-0.265247218179606
sub021,closed,V1v,stim500pre,rt,fast,-0.178324183005059
sub021,closed,V1v,stim500pre,rt,slow,-0.152593134965916
sub021,closed,V2d,stim500pre,accuracy,correct,-0.0379166409619343
sub021,closed,V2d,stim500pre,accuracy,incorrect,-0.150789035631708
sub021,closed,V2d,stim500pre,accuracy_e,correct_e,0.119086470855592
sub021,closed,V2d,stim500pre,accuracy_e,incorrect_e,-0.150789035631708
sub021,closed,V2d,stim500pre,rt,fast,-0.0753988389225406
sub021,closed,V2d,stim500pre,rt,slow,0.0410742528424921
sub021,closed,V3a,stim500pre,accuracy,correct,0.025938589658479
sub021,closed,V3a,stim500pre,accuracy,incorrect,0.0122072822762188
sub021,closed,V3a,stim500pre,accuracy_e,correct_e,0.13387740360157
sub021,closed,V3a,stim500pre,accuracy_e,incorrect_e,0.0122072822762188
sub021,closed,V3a,stim500pre,rt,fast,-0.163398408222271
sub021,closed,V3a,stim500pre,rt,slow,0.257482495203752
sub021,closed,V3b,stim500pre,accuracy,correct,-0.168986746868437
sub021,closed,V3b,stim500pre,accuracy,incorrect,0.00118051149070238
sub021,closed,V3b,stim500pre,accuracy_e,correct_e,-0.0912328295933501
sub021,closed,V3b,stim500pre,accuracy_e,incorrect_e,0.00118051149070238
sub021,closed,V3b,stim500pre,rt,fast,-0.0360739754010084
sub021,closed,V3b,stim500pre,rt,slow,-0.26480932798547
sub021,closed,V3d,stim500pre,accuracy,correct,-0.0898918658095253
sub021,closed,V3d,stim500pre,accuracy,incorrect,-0.0444318452605763
sub021,closed,V3d,stim500pre,accuracy_e,correct_e,-0.0620113115338226
sub021,closed,V3d,stim500pre,accuracy_e,incorrect_e,-0.0444318452605763
sub021,closed,V3d,stim500pre,rt,fast,-0.123750458873389
sub021,closed,V3d,stim500pre,rt,slow,-0.0485734129378552
sub021,closed,V3v,stim500pre,accuracy,correct,-0.0741656159525019
sub021,closed,V3v,stim500pre,accuracy,incorrect,0.150036203321705
sub021,closed,V3v,stim500pre,accuracy_e,correct_e,0.0381502497468595
sub021,closed,V3v,stim500pre,accuracy_e,incorrect_e,0.150036203321705
sub021,closed,V3v,stim500pre,rt,fast,0.0795116738378323
sub021,closed,V3v,stim500pre,rt,slow,-0.197109380007182
sub022,open,V1d,stim500pre,accuracy,correct,0.169036775722578
sub022,open,V1d,stim500pre,accuracy,incorrect,0.535796133721408
sub022,open,V1d,stim500pre,accuracy_e,correct_e,0.0451424405473717
sub022,open,V1d,stim500pre,accuracy_e,incorrect_e,0.535796133721408
sub022,open,V1d,stim500pre,rt,fast,0.227827071217022
sub022,open,V1d,stim500pre,rt,slow,0.123062911569616
sub022,open,V1v,stim500pre,accuracy,correct,0.335759644418134
sub022,open,V1v,stim500pre,accuracy,incorrect,0.250827804737601
sub022,open,V1v,stim500pre,accuracy_e,correct_e,0.34926289430004
sub022,open,V1v,stim500pre,accuracy_e,incorrect_e,0.250827804737601
sub022,open,V1v,stim500pre,rt,fast,0.421899594856128
sub022,open,V1v,stim500pre,rt,slow,0.264197394599953
sub022,open,V2d,stim500pre,accuracy,correct,0.382413609414946
sub022,open,V2d,stim500pre,accuracy,incorrect,0.883879528605042
sub022,open,V2d,stim500pre,accuracy_e,correct_e,0.0739053439365504
sub022,open,V2d,stim500pre,accuracy_e,incorrect_e,0.883879528605042
sub022,open,V2d,stim500pre,rt,fast,0.409314256881449
sub022,open,V2d,stim500pre,rt,slow,0.360238681987581
sub022,open,V3a,stim500pre,accuracy,correct,0.26551664709241
sub022,open,V3a,stim500pre,accuracy,incorrect,0.402861891078332
sub022,open,V3a,stim500pre,accuracy_e,correct_e,0.236625959149789
sub022,open,V3a,stim500pre,accuracy_e,incorrect_e,0.402861891078332
sub022,open,V3a,stim500pre,rt,fast,0.299754666206753
sub022,open,V3a,stim500pre,rt,slow,0.230054279339538
sub022,open,V3b,stim500pre,accuracy,correct,0.404025933359358
sub022,open,V3b,stim500pre,accuracy,incorrect,0.332516335665471
sub022,open,V3b,stim500pre,accuracy_e,correct_e,0.538892890186508
sub022,open,V3b,stim500pre,accuracy_e,incorrect_e,0.332516335665471
sub022,open,V3b,stim500pre,rt,fast,0.636605365392192
sub022,open,V3b,stim500pre,rt,slow,0.19464742595026
sub022,open,V3d,stim500pre,accuracy,correct,0.195186286740794
sub022,open,V3d,stim500pre,accuracy,incorrect,0.217170877052999
sub022,open,V3d,stim500pre,accuracy_e,correct_e,-0.0876857314891008
sub022,open,V3d,stim500pre,accuracy_e,incorrect_e,0.217170877052999
sub022,open,V3d,stim500pre,rt,fast,0.2648141035374
sub022,open,V3d,stim500pre,rt,slow,0.131453085073156
sub022,open,V3v,stim500pre,accuracy,correct,0.0776096646308482
sub022,open,V3v,stim500pre,accuracy,incorrect,0.451411281420349
sub022,open,V3v,stim500pre,accuracy_e,correct_e,-0.149983130399947
sub022,open,V3v,stim500pre,accuracy_e,incorrect_e,0.451411281420349
sub022,open,V3v,stim500pre,rt,fast,0.223333711028757
sub022,open,V3v,stim500pre,rt,slow,-0.0252142512614422
sub022,closed,V1d,stim500pre,accuracy,correct,-0.0721387989628083
sub022,closed,V1d,stim500pre,accuracy,incorrect,-0.141795569904386
sub022,closed,V1d,stim500pre,accuracy_e,correct_e,0.39199115859924
sub022,closed,V1d,stim500pre,accuracy_e,incorrect_e,-0.141795569904386
sub022,closed,V1d,stim500pre,rt,fast,-0.237057386637519
sub022,closed,V1d,stim500pre,rt,slow,0.133489569698344
sub022,closed,V1v,stim500pre,accuracy,correct,-0.0741631121886393
sub022,closed,V1v,stim500pre,accuracy,incorrect,-0.225570607620468
sub022,closed,V1v,stim500pre,accuracy_e,correct_e,0.272418651541765
sub022,closed,V1v,stim500pre,accuracy_e,incorrect_e,-0.225570607620468
sub022,closed,V1v,stim500pre,rt,fast,0.0963035308918573
sub022,closed,V1v,stim500pre,rt,slow,-0.216203717402686
sub022,closed,V2d,stim500pre,accuracy,correct,-0.0737588371563612
sub022,closed,V2d,stim500pre,accuracy,incorrect,0.0716263971685214
sub022,closed,V2d,stim500pre,accuracy_e,correct_e,0.475952558477064
sub022,closed,V2d,stim500pre,accuracy_e,incorrect_e,0.0716263971685214
sub022,closed,V2d,stim500pre,rt,fast,-0.260854527185653
sub022,closed,V2d,stim500pre,rt,slow,0.145232934141146
sub022,closed,V3a,stim500pre,accuracy,correct,0.126157822202004
sub022,closed,V3a,stim500pre,accuracy,incorrect,-0.108052842268181
sub022,closed,V3a,stim500pre,accuracy_e,correct_e,0.0964054260050044
sub022,closed,V3a,stim500pre,accuracy_e,incorrect_e,-0.108052842268181
sub022,closed,V3a,stim500pre,rt,fast,0.0510730832474761
sub022,closed,V3a,stim500pre,rt,slow,0.202306064100221
sub022,closed,V3b,stim500pre,accuracy,correct,0.20581652090802
sub022,closed,V3b,stim500pre,accuracy,incorrect,0.252494043307156
sub022,closed,V3b,stim500pre,accuracy_e,correct_e,0.23186360132801
sub022,closed,V3b,stim500pre,accuracy_e,incorrect_e,0.252494043307156
sub022,closed,V3b,stim500pre,rt,fast,0.488114557919566
sub022,closed,V3b,stim500pre,rt,slow,0.00572793024847529
sub022,closed,V3d,stim500pre,accuracy,correct,0.0306269327832061
sub022,closed,V3d,stim500pre,accuracy,incorrect,-0.154178368231685
sub022,closed,V3d,stim500pre,accuracy_e,correct_e,0.353498481509795
sub022,closed,V3d,stim500pre,accuracy_e,incorrect_e,-0.154178368231685
sub022,closed,V3d,stim500pre,rt,fast,-0.0578680219751045
sub022,closed,V3d,stim500pre,rt,slow,0.118326180706881
sub022,closed,V3v,stim500pre,accuracy,correct,0.0989879926598182
sub022,closed,V3v,stim500pre,accuracy,incorrect,-0.206512512778636
sub022,closed,V3v,stim500pre,accuracy_e,correct_e,0.282223897948212
sub022,closed,V3v,stim500pre,accuracy_e,incorrect_e,-0.206512512778636
sub022,closed,V3v,stim500pre,rt,fast,-0.0314789870776049
sub022,closed,V3v,stim500pre,rt,slow,0.220388388129283
sub023,open,V1d,stim500pre,accuracy,correct,-0.119332995340835
sub023,open,V1d,stim500pre,accuracy,incorrect,-0.334503764943258
sub023,open,V1d,stim500pre,accuracy_e,correct_e,-0.206853584862543
sub023,open,V1d,stim500pre,accuracy_e,incorrect_e,-0.334503764943258
sub023,open,V1d,stim500pre,rt,fast,-0.135712051043072
sub023,open,V1d,stim500pre,rt,slow,-0.0980455194196689
sub023,open,V1v,stim500pre,accuracy,correct,-0.010854820621025
sub023,open,V1v,stim500pre,accuracy,incorrect,-0.125883795921245
sub023,open,V1v,stim500pre,accuracy_e,correct_e,0.0885234639431092
sub023,open,V1v,stim500pre,accuracy_e,incorrect_e,-0.125883795921245
sub023,open,V1v,stim500pre,rt,fast,-0.0494788982486022
sub023,open,V1v,stim500pre,rt,slow,0.0167441266583032
sub023,open,V2d,stim500pre,accuracy,correct,-0.110583046370716
sub023,open,V2d,stim500pre,accuracy,incorrect,-0.103234023425831
sub023,open,V2d,stim500pre,accuracy_e,correct_e,-0.113079619187992
sub023,open,V2d,stim500pre,accuracy_e,incorrect_e,-0.103234023425831
sub023,open,V2d,stim500pre,rt,fast,-0.0985212398733208
sub023,open,V2d,stim500pre,rt,slow,-0.106891498275891
sub023,open,V3a,stim500pre,accuracy,correct,0.149702629796493
sub023,open,V3a,stim500pre,accuracy,incorrect,0.586008676267129
sub023,open,V3a,stim500pre,accuracy_e,correct_e,0.125129736288319
sub023,open,V3a,stim500pre,accuracy_e,incorrect_e,0.586008676267129
sub023,open,V3a,stim500pre,rt,fast,0.313025052976804
sub023,open,V3a,stim500pre,rt,slow,0.00800561606334856
sub023,open,V3b,stim500pre,accuracy,correct,0.0349201176496057
sub023,open,V3b,stim500pre,accuracy,incorrect,0.480972017249931
sub023,open,V3b,stim500pre,accuracy_e,correct_e,0.0542400834036026
sub023,open,V3b,stim500pre,accuracy_e,incorrect_e,0.480972017249931
sub023,open,V3b,stim500pre,rt,fast,0.0595331768174954
sub023,open,V3b,stim500pre,rt,slow,0.0212439204501506
sub023,open,V3d,stim500pre,accuracy,correct,0.0786242161869031
sub023,open,V3d,stim500pre,accuracy,incorrect,0.0142991403856644
sub023,open,V3d,stim500pre,accuracy_e,correct_e,0.332597710571676
sub023,open,V3d,stim500pre,accuracy_e,incorrect_e,0.0142991403856644
sub023,open,V3d,stim500pre,rt,fast,0.0764016050000179
sub023,open,V3d,stim500pre,rt,slow,0.0800297471369768
sub023,open,V3v,stim500pre,accuracy,correct,-0.0132409933065201
sub023,open,V3v,stim500pre,accuracy,incorrect,-0.358650737982326
sub023,open,V3v,stim500pre,accuracy_e,correct_e,0.15641183842191
sub023,open,V3v,stim500pre,accuracy_e,incorrect_e,-0.358650737982326
sub023,open,V3v,stim500pre,rt,fast,0.000883573474981134
sub023,open,V3v,stim500pre,rt,slow,-0.0265034342086963
sub023,closed,V1d,stim500pre,accuracy,correct,-0.104832790111079
sub023,closed,V1d,stim500pre,accuracy,incorrect,0.16060611324931
sub023,closed,V1d,stim500pre,accuracy_e,correct_e,0.0710684131639323
sub023,closed,V1d,stim500pre,accuracy_e,incorrect_e,0.16060611324931
sub023,closed,V1d,stim500pre,rt,fast,-0.113577180455602
sub023,closed,V1d,stim500pre,rt,slow,-0.114521827615967
sub023,closed,V1v,stim500pre,accuracy,correct,-0.100168989819763
sub023,closed,V1v,stim500pre,accuracy,incorrect,-0.124934558303119
sub023,closed,V1v,stim500pre,accuracy_e,correct_e,-0.113276935633385
sub023,closed,V1v,stim500pre,accuracy_e,incorrect_e,-0.124934558303119
sub023,closed,V1v,stim500pre,rt,fast,0.00222477915011855
sub023,closed,V1v,stim500pre,rt,slow,-0.192926888434292
sub023,closed,V2d,stim500pre,accuracy,correct,-0.134607060473146
sub023,closed,V2d,stim500pre,accuracy,incorrect,0.171298326546452
sub023,closed,V2d,stim500pre,accuracy_e,correct_e,-0.101455764894993
sub023,closed,V2d,stim500pre,accuracy_e,incorrect_e,0.171298326546452
sub023,closed,V2d,stim500pre,rt,fast,-0.139174066474115
sub023,closed,V2d,stim500pre,rt,slow,-0.141961288251795
sub023,closed,V3a,stim500pre,accuracy,correct,-0.132228003950339
sub023,closed,V3a,stim500pre,accuracy,incorrect,-0.0912663540621989
sub023,closed,V3a,stim500pre,accuracy_e,correct_e,-0.262857820958913
sub023,closed,V3a,stim500pre,accuracy_e,incorrect_e,-0.0912663540621989
sub023,closed,V3a,stim500pre,rt,fast,-0.0787881144079058
sub023,closed,V3a,stim500pre,rt,slow,-0.176395227372452
sub023,closed,V3b,stim500pre,accuracy,correct,-0.19601124966506
sub023,closed,V3b,stim500pre,accuracy,incorrect,-0.0904396660770336
sub023,closed,V3b,stim500pre,accuracy_e,correct_e,-0.388393715503878
sub023,closed,V3b,stim500pre,accuracy_e,incorrect_e,-0.0904396660770336
sub023,closed,V3b,stim500pre,rt,fast,-0.13506619456728
sub023,closed,V3b,stim500pre,rt,slow,-0.262638444996496
sub023,closed,V3d,stim500pre,accuracy,correct,-0.198866813683405
sub023,closed,V3d,stim500pre,accuracy,incorrect,0.135581536339671
sub023,closed,V3d,stim500pre,accuracy_e,correct_e,-0.366929421747953
sub023,closed,V3d,stim500pre,accuracy_e,incorrect_e,0.135581536339671
sub023,closed,V3d,stim500pre,rt,fast,-0.196603441739159
sub023,closed,V3d,stim500pre,rt,slow,-0.200834762706263
sub023,closed,V3v,stim500pre,accuracy,correct,-0.111177778548441
sub023,closed,V3v,stim500pre,accuracy,incorrect,0.195577783330596
sub023,closed,V3v,stim500pre,accuracy_e,correct_e,-0.247071411672234
sub023,closed,V3v,stim500pre,accuracy_e,incorrect_e,0.195577783330596
sub023,closed,V3v,stim500pre,rt,fast,-0.125279546786814
sub023,closed,V3v,stim500pre,rt,slow,-0.0974523920682838
sub024,open,V1d,stim500pre,accuracy,correct,0.573114025664267
sub024,open,V1d,stim500pre,accuracy,incorrect,0.387200021974233
sub024,open,V1d,stim500pre,accuracy_e,correct_e,0.589520094113511
sub024,open,V1d,stim500pre,accuracy_e,incorrect_e,0.387200021974233
sub024,open,V1d,stim500pre,rt,fast,0.519278918469928
sub024,open,V1d,stim500pre,rt,slow,0.628861007746909
sub024,open,V1v,stim500pre,accuracy,correct,0.800863368861082
sub024,open,V1v,stim500pre,accuracy,incorrect,0.744734937661449
sub024,open,V1v,stim500pre,accuracy_e,correct_e,0.862163864543604
sub024,open,V1v,stim500pre,accuracy_e,incorrect_e,0.744734937661449
sub024,open,V1v,stim500pre,rt,fast,0.916435741855097
sub024,open,V1v,stim500pre,rt,slow,0.70337324519412
sub024,open,V2d,stim500pre,accuracy,correct,0.547875433893054
sub024,open,V2d,stim500pre,accuracy,incorrect,0.313598307149213
sub024,open,V2d,stim500pre,accuracy_e,correct_e,0.247940945195236
sub024,open,V2d,stim500pre,accuracy_e,incorrect_e,0.313598307149213
sub024,open,V2d,stim500pre,rt,fast,0.425200521653006
sub024,open,V2d,stim500pre,rt,slow,0.695859454085229
sub024,open,V3a,stim500pre,accuracy,correct,1.03757059802317
sub024,open,V3a,stim500pre,accuracy,incorrect,0.141065222524292
sub024,open,V3a,stim500pre,accuracy_e,correct_e,0.558224158093609
sub024,open,V3a,stim500pre,accuracy_e,incorrect_e,0.141065222524292
sub024,open,V3a,stim500pre,rt,fast,1.25784967237808
sub024,open,V3a,stim500pre,rt,slow,0.90488160012267
sub024,open,V3b,stim500pre,accuracy,correct,0.286257258131603
sub024,open,V3b,stim500pre,accuracy,incorrect,0.290992574413101
sub024,open,V3b,stim500pre,accuracy_e,correct_e,-0.0788553763380121
sub024,open,V3b,stim500pre,accuracy_e,incorrect_e,0.290992574413101
sub024,open,V3b,stim500pre,rt,fast,0.374288994898071
sub024,open,V3b,stim500pre,rt,slow,0.218077986426329
sub024,open,V3d,stim500pre,accuracy,correct,0.725825668738534
sub024,open,V3d,stim500pre,accuracy,incorrect,0.284995294976127
sub024,open,V3d,stim500pre,accuracy_e,correct_e,0.466572364926284
sub024,open,V3d,stim500pre,accuracy_e,incorrect_e,0.284995294976127
sub024,open,V3d,stim500pre,rt,fast,0.797189400399126
sub024,open,V3d,stim500pre,rt,slow,0.691608961148239
sub024,open,V3v,stim500pre,accuracy,correct,0.29689949947567
sub024,open,V3v,stim500pre,accuracy,incorrect,0.652393654632832
sub024,open,V3v,stim500pre,accuracy_e,correct_e,0.573725399945856
sub024,open,V3v,stim500pre,accuracy_e,incorrect_e,0.652393654632832
sub024,open,V3v,stim500pre,rt,fast,0.277238632923885
sub024,open,V3v,stim500pre,rt,slow,0.318529639986855
sub024,closed,V1d,stim500pre,accuracy,correct,-0.0571432382075108
sub024,closed,V1d,stim500pre,accuracy,incorrect,0.0548677124965429
sub024,closed,V1d,stim500pre,accuracy_e,correct_e,-0.109542950397319
sub024,closed,V1d,stim500pre,accuracy_e,incorrect_e,0.0548677124965429
sub024,closed,V1d,stim500pre,rt,fast,-0.0802374947985403
sub024,closed,V1d,stim500pre,rt,slow,-0.0346569122233014
sub024,closed,V1v,stim500pre,accuracy,correct,-0.176011559528685
sub024,closed,V1v,stim500pre,accuracy,incorrect,-0.124492262386147
sub024,closed,V1v,stim500pre,accuracy_e,correct_e,-0.304204076344151
sub024,closed,V1v,stim500pre,accuracy_e,incorrect_e,-0.124492262386147
sub024,closed,V1v,stim500pre,rt,fast,-0.248483014662345
sub024,closed,V1v,stim500pre,rt,slow,-0.101657834062002
sub024,closed,V2d,stim500pre,accuracy,correct,-0.141532661592967
sub024,closed,V2d,stim500pre,accuracy,incorrect,0.198240575039426
sub024,closed,V2d,stim500pre,accuracy_e,correct_e,-0.19523439869943
sub024,closed,V2d,stim500pre,accuracy_e,incorrect_e,0.198240575039426
sub024,closed,V2d,stim500pre,rt,fast,-0.0154301987126702
sub024,closed,V2d,stim500pre,rt,slow,-0.251561875076848
sub024,closed,V3a,stim500pre,accuracy,correct,-0.0661350180582519
sub024,closed,V3a,stim500pre,accuracy,incorrect,0.195642080425232
sub024,closed,V3a,stim500pre,accuracy_e,correct_e,-0.158729638404353
sub024,closed,V3a,stim500pre,accuracy_e,incorrect_e,0.195642080425232
sub024,closed,V3a,stim500pre,rt,fast,-0.182675937490835
sub024,closed,V3a,stim500pre,rt,slow,0.0394876242995046
sub024,closed,V3b,stim500pre,accuracy,correct,-0.114279666529171
sub024,closed,V3b,stim500pre,accuracy,incorrect,0.256988016118464
sub024,closed,V3b,stim500pre,accuracy_e,correct_e,-0.0383330006087093
sub024,closed,V3b,stim500pre,accuracy_e,incorrect_e,0.256988016118464
sub024,closed,V3b,stim500pre,rt,fast,-0.190040759470797
sub024,closed,V3b,stim500pre,rt,slow,-0.0131269320202471
sub024,closed,V3d,stim500pre,accuracy,correct,-0.134900677217124
sub024,closed,V3d,stim500pre,accuracy,incorrect,0.240085484232952
sub024,closed,V3d,stim500pre,accuracy_e,correct_e,-0.226558754671064
sub024,closed,V3d,stim500pre,accuracy_e,incorrect_e,0.240085484232952
sub024,closed,V3d,stim500pre,rt,fast,0.00431797609140857
sub024,closed,V3d,stim500pre,rt,slow,-0.247914525592703
sub024,closed,V3v,stim500pre,accuracy,correct,-0.24282420530852
sub024,closed,V3v,stim500pre,accuracy,incorrect,0.00662445340633006
sub024,closed,V3v,stim500pre,accuracy_e,correct_e,-0.163671827771961
sub024,closed,V3v,stim500pre,accuracy_e,incorrect_e,0.00662445340633006
sub024,closed,V3v,stim500pre,rt,fast,-0.120622593395562
sub024,closed,V3v,stim500pre,rt,slow,-0.375640035097967
sub025,open,V1d,stim500pre,accuracy,correct,0.407872610931221
sub025,open,V1d,stim500pre,accuracy,incorrect,0.342614125720072
sub025,open,V1d,stim500pre,accuracy_e,correct_e,0.388530848889668
sub025,open,V1d,stim500pre,accuracy_e,incorrect_e,0.342614125720072
sub025,open,V1d,stim500pre,rt,fast,0.173411759387977
sub025,open,V1d,stim500pre,rt,slow,0.764876675173143
sub025,open,V1v,stim500pre,accuracy,correct,0.530038356584478
sub025,open,V1v,stim500pre,accuracy,incorrect,0.44620886182767
sub025,open,V1v,stim500pre,accuracy_e,correct_e,0.482966146559117
sub025,open,V1v,stim500pre,accuracy_e,incorrect_e,0.44620886182767
sub025,open,V1v,stim500pre,rt,fast,0.254948116923497
sub025,open,V1v,stim500pre,rt,slow,0.952137037660976
sub025,open,V2d,stim500pre,accuracy,correct,0.355482399394743
sub025,open,V2d,stim500pre,accuracy,incorrect,0.228235844138949
sub025,open,V2d,stim500pre,accuracy_e,correct_e,0.344496581215299
sub025,open,V2d,stim500pre,accuracy_e,incorrect_e,0.228235844138949
sub025,open,V2d,stim500pre,rt,fast,0.139098957370607
sub025,open,V2d,stim500pre,rt,slow,0.652236693179887
sub025,open,V3a,stim500pre,accuracy,correct,0.483485865211014
sub025,open,V3a,stim500pre,accuracy,incorrect,0.435996217589304
sub025,open,V3a,stim500pre,accuracy_e,correct_e,0.417325969428965
sub025,open,V3a,stim500pre,accuracy_e,incorrect_e,0.435996217589304
sub025,open,V3a,stim500pre,rt,fast,0.363112361526525
sub025,open,V3a,stim500pre,rt,slow,0.654042816093758
sub025,open,V3b,stim500pre,accuracy,correct,0.270982881843937
sub025,open,V3b,stim500pre,accuracy,incorrect,0.0835753608305961
sub025,open,V3b,stim500pre,accuracy_e,correct_e,0.177679287640153
sub025,open,V3b,stim500pre,accuracy_e,incorrect_e,0.0835753608305961
sub025,open,V3b,stim500pre,rt,fast,-0.0596418558394853
sub025,open,V3b,stim500pre,rt,slow,0.681858343018349
sub025,open,V3d,stim500pre,accuracy,correct,0.0422654486528953
sub025,open,V3d,stim500pre,accuracy,incorrect,-0.00759443000953179
sub025,open,V3d,stim500pre,accuracy_e,correct_e,0.0368480061582911
sub025,open,V3d,stim500pre,accuracy_e,incorrect_e,-0.00759443000953179
sub025,open,V3d,stim500pre,rt,fast,-0.155746103665716
sub025,open,V3d,stim500pre,rt,slow,0.445005836680849
sub025,open,V3v,stim500pre,accuracy,correct,0.0417189264622513
sub025,open,V3v,stim500pre,accuracy,incorrect,0.225717750845971
sub025,open,V3v,stim500pre,accuracy_e,correct_e,-0.0737595383076717
sub025,open,V3v,stim500pre,accuracy_e,incorrect_e,0.225717750845971
sub025,open,V3v,stim500pre,rt,fast,-0.0478915399913736
sub025,open,V3v,stim500pre,rt,slow,0.16969329479356
sub025,closed,V1d,stim500pre,accuracy,correct,-0.144172774723597
sub025,closed,V1d,stim500pre,accuracy,incorrect,-0.0599404666700467
sub025,closed,V1d,stim500pre,accuracy_e,correct_e,-0.200308531884375
sub025,closed,V1d,stim500pre,accuracy_e,incorrect_e,-0.0599404666700467
sub025,closed,V1d,stim500pre,rt,fast,-0.0210688092170536
sub025,closed,V1d,stim500pre,rt,slow,-0.244388539371256
sub025,closed,V1v,stim500pre,accuracy,correct,-0.134737256480016
sub025,closed,V1v,stim500pre,accuracy,incorrect,-0.19566076072263
sub025,closed,V1v,stim500pre,accuracy_e,correct_e,-0.228734803300631
sub025,closed,V1v,stim500pre,accuracy_e,incorrect_e,-0.19566076072263
sub025,closed,V1v,stim500pre,rt,fast,0.0431222803441493
sub025,closed,V1v,stim500pre,rt,slow,-0.275788727215158
sub025,closed,V2d,stim500pre,accuracy,correct,-0.13210145996925
sub025,closed,V2d,stim500pre,accuracy,incorrect,-0.0789876543898904
sub025,closed,V2d,stim500pre,accuracy_e,correct_e,-0.158172069024429
sub025,closed,V2d,stim500pre,accuracy_e,incorrect_e,-0.0789876543898904
sub025,closed,V2d,stim500pre,rt,fast,-0.129207095237109
sub025,closed,V2d,stim500pre,rt,slow,-0.134672596845678
sub025,closed,V3a,stim500pre,accuracy,correct,0.125656292614381
sub025,closed,V3a,stim500pre,accuracy,incorrect,0.00365086932767767
sub025,closed,V3a,stim500pre,accuracy_e,correct_e,0.0398073971957271
sub025,closed,V3a,stim500pre,accuracy_e,incorrect_e,0.00365086932767767
sub025,closed,V3a,stim500pre,rt,fast,0.485920199387131
sub025,closed,V3a,stim500pre,rt,slow,-0.127116869761888
sub025,closed,V3b,stim500pre,accuracy,correct,-0.0133074738522475
sub025,closed,V3b,stim500pre,accuracy,incorrect,-0.130171873179897
sub025,closed,V3b,stim500pre,accuracy_e,correct_e,-0.105758023384593
sub025,closed,V3b,stim500pre,accuracy_e,incorrect_e,-0.130171873179897
sub025,closed,V3b,stim500pre,rt,fast,-0.0533784219639366
sub025,closed,V3b,stim500pre,rt,slow,0.0288166725247936
sub025,closed,V3d,stim500pre,accuracy,correct,-0.0471882704149368
sub025,closed,V3d,stim500pre,accuracy,incorrect,-0.138957812794251
sub025,closed,V3d,stim500pre,accuracy_e,correct_e,-0.078762076847691
sub025,closed,V3d,stim500pre,accuracy_e,incorrect_e,-0.138957812794251
sub025,closed,V3d,stim500pre,rt,fast,0.152427282305017
sub025,closed,V3d,stim500pre,rt,slow,-0.19836401517695
sub025,closed,V3v,stim500pre,accuracy,correct,-0.00793996886990397
sub025,closed,V3v,stim500pre,accuracy,incorrect,0.00175831379404477
sub025,closed,V3v,stim500pre,accuracy_e,correct_e,-0.113895409982791
sub025,closed,V3v,stim500pre,accuracy_e,incorrect_e,0.00175831379404477
sub025,closed,V3v,stim500pre,rt,fast,0.281153471311046
sub025,closed,V3v,stim500pre,rt,slow,-0.262234531290807
sub026,open,V1d,stim500pre,accuracy,correct,-0.0107406137919484
sub026,open,V1d,stim500pre,accuracy,incorrect,0.0940599935217754
sub026,open,V1d,stim500pre,accuracy_e,correct_e,0.0434392957993279
sub026,open,V1d,stim500pre,accuracy_e,incorrect_e,0.0940599935217754
sub026,open,V1d,stim500pre,rt,fast,-0.00100817459928687
sub026,open,V1d,stim500pre,rt,slow,-0.0158128017656746
sub026,open,V1v,stim500pre,accuracy,correct,-0.0366353712270963
sub026,open,V1v,stim500pre,accuracy,incorrect,0.0493484616263985
sub026,open,V1v,stim500pre,accuracy_e,correct_e,-0.0328952996609155
sub026,open,V1v,stim500pre,accuracy_e,incorrect_e,0.0493484616263985
sub026,open,V1v,stim500pre,rt,fast,-0.00827581626983619
sub026,open,V1v,stim500pre,rt,slow,-0.0548237601870533
sub026,open,V2d,stim500pre,accuracy,correct,-0.0524186527988012
sub026,open,V2d,stim500pre,accuracy,incorrect,0.0544260931208469
sub026,open,V2d,stim500pre,accuracy_e,correct_e,-0.0246119863096025
sub026,open,V2d,stim500pre,accuracy_e,incorrect_e,0.0544260931208469
sub026,open,V2d,stim500pre,rt,fast,0.00599049901689441
sub026,open,V2d,stim500pre,rt,slow,-0.104189775800197
sub026,open,V3a,stim500pre,accuracy,correct,-0.192632325836247
sub026,open,V3a,stim500pre,accuracy,incorrect,-0.0131204582009785
sub026,open,V3a,stim500pre,accuracy_e,correct_e,-0.0155957425412358
sub026,open,V3a,stim500pre,accuracy_e,incorrect_e,-0.0131204582009785
sub026,open,V3a,stim500pre,rt,fast,-0.203624581735991
sub026,open,V3a,stim500pre,rt,slow,-0.163096232835915
sub026,open,V3b,stim500pre,accuracy,correct,-0.0500289724182038
sub026,open,V3b,stim500pre,accuracy,incorrect,0.138417318028076
sub026,open,V3b,stim500pre,accuracy_e,correct_e,-0.0587416912664617
sub026,open,V3b,stim500pre,accuracy_e,incorrect_e,0.138417318028076
sub026,open,V3b,stim500pre,rt,fast,-0.125260646544057
sub026,open,V3b,stim500pre,rt,slow,0.0393504562618924
sub026,open,V3d,stim500pre,accuracy,correct,-0.119874724065026
sub026,open,V3d,stim500pre,accuracy,incorrect,-0.0331765493382318
sub026,open,V3d,stim500pre,accuracy_e,correct_e,0.000555340009199948
sub026,open,V3d,stim500pre,accuracy_e,incorrect_e,-0.0331765493382318
sub026,open,V3d,stim500pre,rt,fast,-0.152651095638419
sub026,open,V3d,stim500pre,rt,slow,-0.109874206868751
sub026,open,V3v,stim500pre,accuracy,correct,-0.1798384967962
sub026,open,V3v,stim500pre,accuracy,incorrect,-0.0880763424806557
sub026,open,V3v,stim500pre,accuracy_e,correct_e,-0.174183491158544
sub026,open,V3v,stim500pre,accuracy_e,incorrect_e,-0.0880763424806557
sub026,open,V3v,stim500pre,rt,fast,-0.0474625104088138
sub026,open,V3v,stim500pre,rt,slow,-0.303745570215559
sub026,closed,V1d,stim500pre,accuracy,correct,-0.184413826313318
sub026,closed,V1d,stim500pre,accuracy,incorrect,-0.361156397000813
sub026,closed,V1d,stim500pre,accuracy_e,correct_e,0.0796746330501449
sub026,closed,V1d,stim500pre,accuracy_e,incorrect_e,-0.361156397000813
sub026,closed,V1d,stim500pre,rt,fast,-0.055959839608151
sub026,closed,V1d,stim500pre,rt,slow,-0.289442117836451
sub026,closed,V1v,stim500pre,accuracy,correct,-0.21015611118897
sub026,closed,V1v,stim500pre,accuracy,incorrect,-0.189770836969806
sub026,closed,V1v,stim500pre,accuracy_e,correct_e,-0.0483984009112954
sub026,closed,V1v,stim500pre,accuracy_e,incorrect_e,-0.189770836969806
sub026,closed,V1v,stim500pre,rt,fast,-0.108412089793942
sub026,closed,V1v,stim500pre,rt,slow,-0.299763284122683
sub026,closed,V2d,stim500pre,accuracy,correct,-0.305642508208755
sub026,closed,V2d,stim500pre,accuracy,incorrect,-0.351369000527297
sub026,closed,V2d,stim500pre,accuracy_e,correct_e,-0.13339069328822
sub026,closed,V2d,stim500pre,accuracy_e,incorrect_e,-0.351369000527297
sub026,closed,V2d,stim500pre,rt,fast,-0.275817523057237
sub026,closed,V2d,stim500pre,rt,slow,-0.331653802980385
sub026,closed,V3a,stim500pre,accuracy,correct,-0.254556139028193
sub026,closed,V3a,stim500pre,accuracy,incorrect,-0.470901361935142
sub026,closed,V3a,stim500pre,accuracy_e,correct_e,-0.189371606739183
sub026,closed,V3a,stim500pre,accuracy_e,incorrect_e,-0.470901361935142
sub026,closed,V3a,stim500pre,rt,fast,-0.0898657496325303
sub026,closed,V3a,stim500pre,rt,slow,-0.372760206410433
sub026,closed,V3b,stim500pre,accuracy,correct,-0.266086430581126
sub026,closed,V3b,stim500pre,accuracy,incorrect,-0.150314309088043
sub026,closed,V3b,stim500pre,accuracy_e,correct_e,0.000912925449808278
sub026,closed,V3b,stim500pre,accuracy_e,incorrect_e,-0.150314309088043
sub026,closed,V3b,stim500pre,rt,fast,-0.198649009668948
sub026,closed,V3b,stim500pre,rt,slow,-0.325288824875104
sub026,closed,V3d,stim500pre,accuracy,correct,-0.147214351955673
sub026,closed,V3d,stim500pre,accuracy,incorrect,-0.312601745807695
sub026,closed,V3d,stim500pre,accuracy_e,correct_e,-0.0700600876334422
sub026,closed,V3d,stim500pre,accuracy_e,incorrect_e,-0.312601745807695
sub026,closed,V3d,stim500pre,rt,fast,0.0474112422185394
sub026,closed,V3d,stim500pre,rt,slow,-0.288697479068764
sub026,closed,V3v,stim500pre,accuracy,correct,-0.209568005894281
sub026,closed,V3v,stim500pre,accuracy,incorrect,0.184597207721554
sub026,closed,V3v,stim500pre,accuracy_e,correct_e,-0.2068092672374
sub026,closed,V3v,stim500pre,accuracy_e,incorrect_e,0.184597207721554
sub026,closed,V3v,stim500pre,rt,fast,-0.229507864186293
sub026,closed,V3v,stim500pre,rt,slow,-0.186910081616218
sub027,open,V1d,stim500pre,accuracy,correct,0.282971616942797
sub027,open,V1d,stim500pre,accuracy,incorrect,0.0941289240257818
sub027,open,V1d,stim500pre,accuracy_e,correct_e,0.396411818017744
sub027,open,V1d,stim500pre,accuracy_e,incorrect_e,0.0941289240257818
sub027,open,V1d,stim500pre,rt,fast,0.448837270810581
sub027,open,V1d,stim500pre,rt,slow,0.131025864953802
sub027,open,V1v,stim500pre,accuracy,correct,0.344096295423537
sub027,open,V1v,stim500pre,accuracy,incorrect,0.265389776698464
sub027,open,V1v,stim500pre,accuracy_e,correct_e,0.377058070689687
sub027,open,V1v,stim500pre,accuracy_e,incorrect_e,0.265389776698464
sub027,open,V1v,stim500pre,rt,fast,0.485335242659311
sub027,open,V1v,stim500pre,rt,slow,0.206656894949766
sub027,open,V2d,stim500pre,accuracy,correct,0.349764026993065
sub027,open,V2d,stim500pre,accuracy,incorrect,0.275280904372993
sub027,open,V2d,stim500pre,accuracy_e,correct_e,0.516181051812207
sub027,open,V2d,stim500pre,accuracy_e,incorrect_e,0.275280904372993
sub027,open,V2d,stim500pre,rt,fast,0.514627925637101
sub027,open,V2d,stim500pre,rt,slow,0.186957546118811
sub027,open,V3a,stim500pre,accuracy,correct,0.422839510376579
sub027,open,V3a,stim500pre,accuracy,incorrect,0.225445634968311
sub027,open,V3a,stim500pre,accuracy_e,correct_e,0.404274899359698
sub027,open,V3a,stim500pre,accuracy_e,incorrect_e,0.225445634968311
sub027,open,V3a,stim500pre,rt,fast,0.547521464794771
sub027,open,V3a,stim500pre,rt,slow,0.307597364956564
sub027,open,V3b,stim500pre,accuracy,correct,0.75407931771891
sub027,open,V3b,stim500pre,accuracy,incorrect,0.817825443203146
sub027,open,V3b,stim500pre,accuracy_e,correct_e,0.988794285134743
sub027,open,V3b,stim500pre,accuracy_e,incorrect_e,0.817825443203146
sub027,open,V3b,stim500pre,rt,fast,0.747943252203046
sub027,open,V3b,stim500pre,rt,slow,0.775235126813414
sub027,open,V3d,stim500pre,accuracy,correct,0.399867488411777
sub027,open,V3d,stim500pre,accuracy,incorrect,0.426528209373367
sub027,open,V3d,stim500pre,accuracy_e,correct_e,0.464408095337189
sub027,open,V3d,stim500pre,accuracy_e,incorrect_e,0.426528209373367
sub027,open,V3d,stim500pre,rt,fast,0.448285355428121
sub027,open,V3d,stim500pre,rt,slow,0.350412458617842
sub027,open,V3v,stim500pre,accuracy,correct,0.525846802132929
sub027,open,V3v,stim500pre,accuracy,incorrect,0.456116209680896
sub027,open,V3v,stim500pre,accuracy_e,correct_e,1.30871962055871
sub027,open,V3v,stim500pre,accuracy_e,incorrect_e,0.456116209680896
sub027,open,V3v,stim500pre,rt,fast,0.460486037113267
sub027,open,V3v,stim500pre,rt,slow,0.635324734609419
sub027,closed,V1d,stim500pre,accuracy,correct,-0.0411021681273435
sub027,closed,V1d,stim500pre,accuracy,incorrect,0.138089681593313
sub027,closed,V1d,stim500pre,accuracy_e,correct_e,-0.0827519595645185
sub027,closed,V1d,stim500pre,accuracy_e,incorrect_e,0.138089681593313
sub027,closed,V1d,stim500pre,rt,fast,0.0441209624204841
sub027,closed,V1d,stim500pre,rt,slow,-0.0899777733133859
sub027,closed,V1v,stim500pre,accuracy,correct,0.00245847861503489
sub027,closed,V1v,stim500pre,accuracy,incorrect,0.124546250542019
sub027,closed,V1v,stim500pre,accuracy_e,correct_e,0.0501908820133617
sub027,closed,V1v,stim500pre,accuracy_e,incorrect_e,0.124546250542019
sub027,closed,V1v,stim500pre,rt,fast,0.182497609255833
sub027,closed,V1v,stim500pre,rt,slow,-0.134068275146877
sub027,closed,V2d,stim500pre,accuracy,correct,-0.0982226273576581
sub027,closed,V2d,stim500pre,accuracy,incorrect,0.19397417955092
sub027,closed,V2d,stim500pre,accuracy_e,correct_e,-0.234745436968018
sub027,closed,V2d,stim500pre,accuracy_e,incorrect_e,0.19397417955092
sub027,closed,V2d,stim500pre,rt,fast,-0.166060265279182
sub027,closed,V2d,stim500pre,rt,slow,-0.0173566242233877
sub027,closed,V3a,stim500pre,accuracy,correct,-0.112590332543338
sub027,closed,V3a,stim500pre,accuracy,incorrect,-0.00558716966230025
sub027,closed,V3a,stim500pre,accuracy_e,correct_e,-0.0911154037870032
sub027,closed,V3a,stim500pre,accuracy_e,incorrect_e,-0.00558716966230025
sub027,closed,V3a,stim500pre,rt,fast,-0.0383791916634865
sub027,closed,V3a,stim500pre,rt,slow,-0.202530543378003
sub027,closed,V3b,stim500pre,accuracy,correct,-0.100184045957815
sub027,closed,V3b,stim500pre,accuracy,incorrect,-0.249218086202051
sub027,closed,V3b,stim500pre,accuracy_e,correct_e,-0.00374066092994816
sub027,closed,V3b,stim500pre,accuracy_e,incorrect_e,-0.249218086202051
sub027,closed,V3b,stim500pre,rt,fast,-0.100124355572363
sub027,closed,V3b,stim500pre,rt,slow,-0.102208984057696
sub027,closed,V3d,stim500pre,accuracy,correct,-0.0796346008851877
sub027,closed,V3d,stim500pre,accuracy,incorrect,0.113129157196113
sub027,closed,V3d,stim500pre,accuracy_e,correct_e,-0.0552227707707554
sub027,closed,V3d,stim500pre,accuracy_e,incorrect_e,0.113129157196113
sub027,closed,V3d,stim500pre,rt,fast,-0.197441183705537
sub027,closed,V3d,stim500pre,rt,slow,0.0375530969029828
sub027,closed,V3v,stim500pre,accuracy,correct,-0.103186562932695
sub027,closed,V3v,stim500pre,accuracy,incorrect,0.0882249858576095
sub027,closed,V3v,stim500pre,accuracy_e,correct_e,-0.112237569273804
sub027,closed,V3v,stim500pre,accuracy_e,incorrect_e,0.0882249858576095
sub027,closed,V3v,stim500pre,rt,fast,-0.15637490922611
sub027,closed,V3v,stim500pre,rt,slow,-0.0310474528571319
sub028,open,V1d,stim500pre,accuracy,correct,-0.144822642724726
sub028,open,V1d,stim500pre,accuracy,incorrect,-0.407186188507502
sub028,open,V1d,stim500pre,accuracy_e,correct_e,-0.395752941778642
sub028,open,V1d,stim500pre,accuracy_e,incorrect_e,-0.407186188507502
sub028,open,V1d,stim500pre,rt,fast,-0.282441709983011
sub028,open,V1d,stim500pre,rt,slow,0.0218611786050117
sub028,open,V1v,stim500pre,accuracy,correct,-0.180092494209229
sub028,open,V1v,stim500pre,accuracy,incorrect,-0.251725243512797
sub028,open,V1v,stim500pre,accuracy_e,correct_e,-0.407542277690597
sub028,open,V1v,stim500pre,accuracy_e,incorrect_e,-0.251725243512797
sub028,open,V1v,stim500pre,rt,fast,-0.264540712702174
sub028,open,V1v,stim500pre,rt,slow,-0.0906576088562402
sub028,open,V2d,stim500pre,accuracy,correct,-0.0790239792812947
sub028,open,V2d,stim500pre,accuracy,incorrect,-0.381029349309304
sub028,open,V2d,stim500pre,accuracy_e,correct_e,-0.271646101481755
sub028,open,V2d,stim500pre,accuracy_e,incorrect_e,-0.381029349309304
sub028,open,V2d,stim500pre,rt,fast,-0.255289816207532
sub028,open,V2d,stim500pre,rt,slow,0.1105393330888
sub028,open,V3a,stim500pre,accuracy,correct,-0.0320262343337968
sub028,open,V3a,stim500pre,accuracy,incorrect,-0.163658120757509
sub028,open,V3a,stim500pre,accuracy_e,correct_e,0.0210911810317907
sub028,open,V3a,stim500pre,accuracy_e,incorrect_e,-0.163658120757509
sub028,open,V3a,stim500pre,rt,fast,0.075697658504891
sub028,open,V3a,stim500pre,rt,slow,-0.122514617479642
sub028,open,V3b,stim500pre,accuracy,correct,0.0519138033833624
sub028,open,V3b,stim500pre,accuracy,incorrect,-0.238912168996584
sub028,open,V3b,stim500pre,accuracy_e,correct_e,-0.0114517985928552
sub028,open,V3b,stim500pre,accuracy_e,incorrect_e,-0.238912168996584
sub028,open,V3b,stim500pre,rt,fast,0.020584511849126
sub028,open,V3b,stim500pre,rt,slow,0.080444729028329
sub028,open,V3d,stim500pre,accuracy,correct,-0.130875997942591
sub028,open,V3d,stim500pre,accuracy,incorrect,-0.175785587568427
sub028,open,V3d,stim500pre,accuracy_e,correct_e,-0.183335927940761
sub028,open,V3d,stim500pre,accuracy_e,incorrect_e,-0.175785587568427
sub028,open,V3d,stim500pre,rt,fast,-0.19301777758975
sub028,open,V3d,stim500pre,rt,slow,-0.0723883311979227
sub028,open,V3v,stim500pre,accuracy,correct,-0.263139524720503
sub028,open,V3v,stim500pre,accuracy,incorrect,0.207895370121044
sub028,open,V3v,stim500pre,accuracy_e,correct_e,-0.441846651357777
sub028,open,V3v,stim500pre,accuracy_e,incorrect_e,0.207895370121044
sub028,open,V3v,stim500pre,rt,fast,-0.397781428027104
sub028,open,V3v,stim500pre,rt,slow,-0.1130307975302
sub028,closed,V1d,stim500pre,accuracy,correct,-0.229179627927424
sub028,closed,V1d,stim500pre,accuracy,incorrect,-0.175277382250282
sub028,closed,V1d,stim500pre,accuracy_e,correct_e,-0.0889762524493235
sub028,closed,V1d,stim500pre,accuracy_e,incorrect_e,-0.175277382250282
sub028,closed,V1d,stim500pre,rt,fast,-0.232799715578484
sub028,closed,V1d,stim500pre,rt,slow,-0.225396200497957
sub028,closed,V1v,stim500pre,accuracy,correct,-0.118500908915144
sub028,closed,V1v,stim500pre,accuracy,incorrect,0.0431438722935943
sub028,closed,V1v,stim500pre,accuracy_e,correct_e,-0.0154115126837155
sub028,closed,V1v,stim500pre,accuracy_e,incorrect_e,0.0431438722935943
sub028,closed,V1v,stim500pre,rt,fast,-0.0926856991356243
sub028,closed,V1v,stim500pre,rt,slow,-0.145706744292965
sub028,closed,V2d,stim500pre,accuracy,correct,-0.205772336892536
sub028,closed,V2d,stim500pre,accuracy,incorrect,-0.236379278336399
sub028,closed,V2d,stim500pre,accuracy_e,correct_e,-0.10368725688889
sub028,closed,V2d,stim500pre,accuracy_e,incorrect_e,-0.236379278336399
sub028,closed,V2d,stim500pre,rt,fast,-0.141581342783847
sub028,closed,V2d,stim500pre,rt,slow,-0.265055982292827
sub028,closed,V3a,stim500pre,accuracy,correct,-0.191502836898585
sub028,closed,V3a,stim500pre,accuracy,incorrect,-0.446902571138065
sub028,closed,V3a,stim500pre,accuracy_e,correct_e,-0.00315885931347601
sub028,closed,V3a,stim500pre,accuracy_e,incorrect_e,-0.446902571138065
sub028,closed,V3a,stim500pre,rt,fast,-0.0599482944471826
sub028,closed,V3a,stim500pre,rt,slow,-0.319405101367972
sub028,closed,V3b,stim500pre,accuracy,correct,0.139569428739275
sub028,closed,V3b,stim500pre,accuracy,incorrect,-0.279091879973001
sub028,closed,V3b,stim500pre,accuracy_e,correct_e,0.289468091641251
sub028,closed,V3b,stim500pre,accuracy_e,incorrect_e,-0.279091879973001
sub028,closed,V3b,stim500pre,rt,fast,0.201680713524162
sub028,closed,V3b,stim500pre,rt,slow,0.0807778608636651
sub028,closed,V3d,stim500pre,accuracy,correct,-0.0879228855083953
sub028,closed,V3d,stim500pre,accuracy,incorrect,-0.101121303120655
sub028,closed,V3d,stim500pre,accuracy_e,correct_e,0.0501287294804249
sub028,closed,V3d,stim500pre,accuracy_e,incorrect_e,-0.101121303120655
sub028,closed,V3d,stim500pre,rt,fast,-0.0683458589849489
sub028,closed,V3d,stim500pre,rt,slow,-0.111311202517439
sub028,closed,V3v,stim500pre,accuracy,correct,-0.146313629432619
sub028,closed,V3v,stim500pre,accuracy,incorrect,-0.0707533102706284
sub028,closed,V3v,stim500pre,accuracy_e,correct_e,-0.140319860799939
sub028,closed,V3v,stim500pre,accuracy_e,incorrect_e,-0.0707533102706284
sub028,closed,V3v,stim500pre,rt,fast,-0.02583857796029
sub028,closed,V3v,stim500pre,rt,slow,-0.272755128200102
sub029,open,V1d,stim500pre,accuracy,correct,0.0594243259282982
sub029,open,V1d,stim500pre,accuracy,incorrect,0.0634341071691425
sub029,open,V1d,stim500pre,accuracy_e,correct_e,-0.257844826416256
sub029,open,V1d,stim500pre,accuracy_e,incorrect_e,0.0634341071691425
sub029,open,V1d,stim500pre,rt,fast,-0.0144132349087653
sub029,open,V1d,stim500pre,rt,slow,0.139830476993733
sub029,open,V1v,stim500pre,accuracy,correct,0.020777784576952
sub029,open,V1v,stim500pre,accuracy,incorrect,0.0798813416596531
sub029,open,V1v,stim500pre,accuracy_e,correct_e,-0.277028119988429
sub029,open,V1v,stim500pre,accuracy_e,incorrect_e,0.0798813416596531
sub029,open,V1v,stim500pre,rt,fast,-0.10142261710702
sub029,open,V1v,stim500pre,rt,slow,0.165058862556086
sub029,open,V2d,stim500pre,accuracy,correct,0.0808024194973206
sub029,open,V2d,stim500pre,accuracy,incorrect,0.164107591706715
sub029,open,V2d,stim500pre,accuracy_e,correct_e,-0.239984828608409
sub029,open,V2d,stim500pre,accuracy_e,incorrect_e,0.164107591706715
sub029,open,V2d,stim500pre,rt,fast,0.0348524536820058
sub029,open,V2d,stim500pre,rt,slow,0.133816826149815
sub029,open,V3a,stim500pre,accuracy,correct,0.0847567408888039
sub029,open,V3a,stim500pre,accuracy,incorrect,0.0549721829907214
sub029,open,V3a,stim500pre,accuracy_e,correct_e,-0.113856910051461
sub029,open,V3a,stim500pre,accuracy_e,incorrect_e,0.0549721829907214
sub029,open,V3a,stim500pre,rt,fast,0.0828776501889396
sub029,open,V3a,stim500pre,rt,slow,0.0867758113041553
sub029,open,V3b,stim500pre,accuracy,correct,-0.0493180859387569
sub029,open,V3b,stim500pre,accuracy,incorrect,-0.126998784705704
sub029,open,V3b,stim500pre,accuracy_e,correct_e,0.0277332386932366
sub029,open,V3b,stim500pre,accuracy_e,incorrect_e,-0.126998784705704
sub029,open,V3b,stim500pre,rt,fast,-0.109413687570054
sub029,open,V3b,stim500pre,rt,slow,0.0218700026449306
sub029,open,V3d,stim500pre,accuracy,correct,-0.0689141354469268
sub029,open,V3d,stim500pre,accuracy,incorrect,-0.0292756604841529
sub029,open,V3d,stim500pre,accuracy_e,correct_e,-0.44382733911901
sub029,open,V3d,stim500pre,accuracy_e,incorrect_e,-0.0292756604841529
sub029,open,V3d,stim500pre,rt,fast,-0.130307193927653
sub029,open,V3d,stim500pre,rt,slow,-0.0104659576926221
sub029,open,V3v,stim500pre,accuracy,correct,0.0199340340007398
sub029,open,V3v,stim500pre,accuracy,incorrect,-0.115478914803344
sub029,open,V3v,stim500pre,accuracy_e,correct_e,-0.263476157291096
sub029,open,V3v,stim500pre,accuracy_e,incorrect_e,-0.115478914803344
sub029,open,V3v,stim500pre,rt,fast,-0.135772436758632
sub029,open,V3v,stim500pre,rt,slow,0.198273879709172
sub029,closed,V1d,stim500pre,accuracy,correct,-0.122838315757639
sub029,closed,V1d,stim500pre,accuracy,incorrect,-0.00752061750751432
sub029,closed,V1d,stim500pre,accuracy_e,correct_e,0.0960666385479772
sub029,closed,V1d,stim500pre,accuracy_e,incorrect_e,-0.00752061750751432
sub029,closed,V1d,stim500pre,rt,fast,-0.0106052267295645
sub029,closed,V1d,stim500pre,rt,slow,-0.230508559619666
sub029,closed,V1v,stim500pre,accuracy,correct,-0.102579948062234
sub029,closed,V1v,stim500pre,accuracy,incorrect,-0.0222120512693545
sub029,closed,V1v,stim500pre,accuracy_e,correct_e,0.115343411960337
sub029,closed,V1v,stim500pre,accuracy_e,incorrect_e,-0.0222120512693545
sub029,closed,V1v,stim500pre,rt,fast,-0.0104745041579679
sub029,closed,V1v,stim500pre,rt,slow,-0.195054000718064
sub029,closed,V2d,stim500pre,accuracy,correct,-0.0313719382856866
sub029,closed,V2d,stim500pre,accuracy,incorrect,-0.0353526634352501
sub029,closed,V2d,stim500pre,accuracy_e,correct_e,0.0450080752785894
sub029,closed,V2d,stim500pre,accuracy_e,incorrect_e,-0.0353526634352501
sub029,closed,V2d,stim500pre,rt,fast,0.148687909626564
sub029,closed,V2d,stim500pre,rt,slow,-0.189882985907772
sub029,closed,V3a,stim500pre,accuracy,correct,-0.0732186078216845
sub029,closed,V3a,stim500pre,accuracy,incorrect,-0.0147663760728411
sub029,closed,V3a,stim500pre,accuracy_e,correct_e,0.0703080473790751
sub029,closed,V3a,stim500pre,accuracy_e,incorrect_e,-0.0147663760728411
sub029,closed,V3a,stim500pre,rt,fast,0.0699716869244357
sub029,closed,V3a,stim500pre,rt,slow,-0.221733941300056
sub029,closed,V3b,stim500pre,accuracy,correct,-0.13533340691927
sub029,closed,V3b,stim500pre,accuracy,incorrect,-0.254412094703658
sub029,closed,V3b,stim500pre,accuracy_e,correct_e,-0.0483861547334754
sub029,closed,V3b,stim500pre,accuracy_e,incorrect_e,-0.254412094703658
sub029,closed,V3b,stim500pre,rt,fast,-0.0242135205570186
sub029,closed,V3b,stim500pre,rt,slow,-0.257429517399344
sub029,closed,V3d,stim500pre,accuracy,correct,-0.170847337309748
sub029,closed,V3d,stim500pre,accuracy,incorrect,-0.198915057268355
sub029,closed,V3d,stim500pre,accuracy_e,correct_e,0.0709675843027436
sub029,closed,V3d,stim500pre,accuracy_e,incorrect_e,-0.198915057268355
sub029,closed,V3d,stim500pre,rt,fast,-0.0240523043398594
sub029,closed,V3d,stim500pre,rt,slow,-0.300874230278133
sub029,closed,V3v,stim500pre,accuracy,correct,-0.175541955353146
sub029,closed,V3v,stim500pre,accuracy,incorrect,-0.226263403869182
sub029,closed,V3v,stim500pre,accuracy_e,correct_e,0.0897653438694676
sub029,closed,V3v,stim500pre,accuracy_e,incorrect_e,-0.226263403869182
sub029,closed,V3v,stim500pre,rt,fast,-0.0114492433461874
sub029,closed,V3v,stim500pre,rt,slow,-0.321977412345558
sub030,open,V1d,stim500pre,accuracy,correct,0.123909550831613
sub030,open,V1d,stim500pre,accuracy,incorrect,-0.351762587283858
sub030,open,V1d,stim500pre,accuracy_e,correct_e,-0.0739262519948695
sub030,open,V1d,stim500pre,accuracy_e,incorrect_e,-0.351762587283858
sub030,open,V1d,stim500pre,rt,fast,0.0671400106292951
sub030,open,V1d,stim500pre,rt,slow,0.187350322026366
sub030,open,V1v,stim500pre,accuracy,correct,0.130618115128697
sub030,open,V1v,stim500pre,accuracy,incorrect,-0.345904267844348
sub030,open,V1v,stim500pre,accuracy_e,correct_e,-0.118182921892956
sub030,open,V1v,stim500pre,accuracy_e,incorrect_e,-0.345904267844348
sub030,open,V1v,stim500pre,rt,fast,0.0133719131217416
sub030,open,V1v,stim500pre,rt,slow,0.269443741310688
sub030,open,V2d,stim500pre,accuracy,correct,0.147999606286912
sub030,open,V2d,stim500pre,accuracy,incorrect,-0.255009053282555
sub030,open,V2d,stim500pre,accuracy_e,correct_e,-0.0218547020696989
sub030,open,V2d,stim500pre,accuracy_e,incorrect_e,-0.255009053282555
sub030,open,V2d,stim500pre,rt,fast,0.274771295748762
sub030,open,V2d,stim500pre,rt,slow,0.0350564789256558
sub030,open,V3a,stim500pre,accuracy,correct,0.106974038721427
sub030,open,V3a,stim500pre,accuracy,incorrect,0.22853992641715
sub030,open,V3a,stim500pre,accuracy_e,correct_e,0.0651034954571707
sub030,open,V3a,stim500pre,accuracy_e,incorrect_e,0.22853992641715
sub030,open,V3a,stim500pre,rt,fast,0.108597125541762
sub030,open,V3a,stim500pre,rt,slow,0.105338087731255
sub030,open,V3b,stim500pre,accuracy,correct,0.00765370192503295
sub030,open,V3b,stim500pre,accuracy,incorrect,0.391917361189443
sub030,open,V3b,stim500pre,accuracy_e,correct_e,-0.0672736996531378
sub030,open,V3b,stim500pre,accuracy_e,incorrect_e,0.391917361189443
sub030,open,V3b,stim500pre,rt,fast,0.0588096886320033
sub030,open,V3b,stim500pre,rt,slow,-0.0388507662322872
sub030,open,V3d,stim500pre,accuracy,correct,0.112835123611888
sub030,open,V3d,stim500pre,accuracy,incorrect,-0.207234887949897
sub030,open,V3d,stim500pre,accuracy_e,correct_e,-0.105280965842839
sub030,open,V3d,stim500pre,accuracy_e,incorrect_e,-0.207234887949897
sub030,open,V3d,stim500pre,rt,fast,0.0330035729843501
sub030,open,V3d,stim500pre,rt,slow,0.203253839022463
sub030,open,V3v,stim500pre,accuracy,correct,0.0613459725544928
sub030,open,V3v,stim500pre,accuracy,incorrect,0.0319533758369332
sub030,open,V3v,stim500pre,accuracy_e,correct_e,-0.107985524907412
sub030,open,V3v,stim500pre,accuracy_e,incorrect_e,0.0319533758369332
sub030,open,V3v,stim500pre,rt,fast,-0.085243721764682
sub030,open,V3v,stim500pre,rt,slow,0.23194342041644
sub030,closed,V1d,stim500pre,accuracy,correct,-0.108356964568716
sub030,closed,V1d,stim500pre,accuracy,incorrect,-0.0857740083259265
sub030,closed,V1d,stim500pre,accuracy_e,correct_e,-0.0585028702127707
sub030,closed,V1d,stim500pre,accuracy_e,incorrect_e,-0.0857740083259265
sub030,closed,V1d,stim500pre,rt,fast,-0.0955648552069916
sub030,closed,V1d,stim500pre,rt,slow,-0.121523574786607
sub030,closed,V1v,stim500pre,accuracy,correct,-0.0244257757883487
sub030,closed,V1v,stim500pre,accuracy,incorrect,-0.137626423901255
sub030,closed,V1v,stim500pre,accuracy_e,correct_e,0.0511086564082405
sub030,closed,V1v,stim500pre,accuracy_e,incorrect_e,-0.137626423901255
sub030,closed,V1v,stim500pre,rt,fast,-0.0421782997262693
sub030,closed,V1v,stim500pre,rt,slow,-0.00368313147541565
sub030,closed,V2d,stim500pre,accuracy,correct,-0.144765422074513
sub030,closed,V2d,stim500pre,accuracy,incorrect,-0.0225453783021487
sub030,closed,V2d,stim500pre,accuracy_e,correct_e,-0.17901740121738
sub030,closed,V2d,stim500pre,accuracy_e,incorrect_e,-0.0225453783021487
sub030,closed,V2d,stim500pre,rt,fast,-0.0681231678639778
sub030,closed,V2d,stim500pre,rt,slow,-0.215794802741737
sub030,closed,V3a,stim500pre,accuracy,correct,0.00244550439300342
sub030,closed,V3a,stim500pre,accuracy,incorrect,-0.103411408763746
sub030,closed,V3a,stim500pre,accuracy_e,correct_e,0.145845496735876
sub030,closed,V3a,stim500pre,accuracy_e,incorrect_e,-0.103411408763746
sub030,closed,V3a,stim500pre,rt,fast,-0.119190399001061
sub030,closed,V3a,stim500pre,rt,slow,0.148422772374634
sub030,closed,V3b,stim500pre,accuracy,correct,-0.108523421375023
sub030,closed,V3b,stim500pre,accuracy,incorrect,-0.173476622466818
sub030,closed,V3b,stim500pre,accuracy_e,correct_e,-0.0715779274062303
sub030,closed,V3b,stim500pre,accuracy_e,incorrect_e,-0.173476622466818
sub030,closed,V3b,stim500pre,rt,fast,0.0112837760872546
sub030,closed,V3b,stim500pre,rt,slow,-0.234278303564311
sub030,closed,V3d,stim500pre,accuracy,correct,-0.0112672301160244
sub030,closed,V3d,stim500pre,accuracy,incorrect,-0.123895258747685
sub030,closed,V3d,stim500pre,accuracy_e,correct_e,0.225902700192883
sub030,closed,V3d,stim500pre,accuracy_e,incorrect_e,-0.123895258747685
sub030,closed,V3d,stim500pre,rt,fast,-0.0436298659828146
sub030,closed,V3d,stim500pre,rt,slow,0.0259832268577802
sub030,closed,V3v,stim500pre,accuracy,correct,0.0315547337326072
sub030,closed,V3v,stim500pre,accuracy,incorrect,-0.207221495240534
sub030,closed,V3v,stim500pre,accuracy_e,correct_e,0.258773615727424
sub030,closed,V3v,stim500pre,accuracy_e,incorrect_e,-0.207221495240534
sub030,closed,V3v,stim500pre,rt,fast,0.0457437085123801
sub030,closed,V3v,stim500pre,rt,slow,0.0154588964683636
sub031,open,V1d,stim500pre,accuracy,correct,0.447228138787035
sub031,open,V1d,stim500pre,accuracy,incorrect,0.151194792555789
sub031,open,V1d,stim500pre,accuracy_e,correct_e,0.45547522099834
sub031,open,V1d,stim500pre,accuracy_e,incorrect_e,0.151194792555789
sub031,open,V1d,stim500pre,rt,fast,0.319254826391877
sub031,open,V1d,stim500pre,rt,slow,0.598772574936533
sub031,open,V1v,stim500pre,accuracy,correct,0.19588615107517
sub031,open,V1v,stim500pre,accuracy,incorrect,-0.141862803871631
sub031,open,V1v,stim500pre,accuracy_e,correct_e,0.192299520442414
sub031,open,V1v,stim500pre,accuracy_e,incorrect_e,-0.141862803871631
sub031,open,V1v,stim500pre,rt,fast,0.164845135983012
sub031,open,V1v,stim500pre,rt,slow,0.224676501842479
sub031,open,V2d,stim500pre,accuracy,correct,0.410468507905027
sub031,open,V2d,stim500pre,accuracy,incorrect,0.103127817804004
sub031,open,V2d,stim500pre,accuracy_e,correct_e,0.374852954656587
sub031,open,V2d,stim500pre,accuracy_e,incorrect_e,0.103127817804004
sub031,open,V2d,stim500pre,rt,fast,0.168116565313792
sub031,open,V2d,stim500pre,rt,slow,0.736780003878308
sub031,open,V3a,stim500pre,accuracy,correct,0.237619908441941
sub031,open,V3a,stim500pre,accuracy,incorrect,0.0370095356522857
sub031,open,V3a,stim500pre,accuracy_e,correct_e,0.184555201701669
sub031,open,V3a,stim500pre,accuracy_e,incorrect_e,0.0370095356522857
sub031,open,V3a,stim500pre,rt,fast,0.167155388160256
sub031,open,V3a,stim500pre,rt,slow,0.319293865345191
sub031,open,V3b,stim500pre,accuracy,correct,0.321173870971554
sub031,open,V3b,stim500pre,accuracy,incorrect,0.301491814708957
sub031,open,V3b,stim500pre,accuracy_e,correct_e,0.198595641492217
sub031,open,V3b,stim500pre,accuracy_e,incorrect_e,0.301491814708957
sub031,open,V3b,stim500pre,rt,fast,0.187119548505833
sub031,open,V3b,stim500pre,rt,slow,0.487109115711628
sub031,open,V3d,stim500pre,accuracy,correct,0.334005649814984
sub031,open,V3d,stim500pre,accuracy,incorrect,-0.0064728549557099
sub031,open,V3d,stim500pre,accuracy_e,correct_e,0.298045921407071
sub031,open,V3d,stim500pre,accuracy_e,incorrect_e,-0.0064728549557099
sub031,open,V3d,stim500pre,rt,fast,0.152274520584312
sub031,open,V3d,stim500pre,rt,slow,0.565721976147034
sub031,open,V3v,stim500pre,accuracy,correct,0.16265223725764
sub031,open,V3v,stim500pre,accuracy,incorrect,0.0220038039592135
sub031,open,V3v,stim500pre,accuracy_e,correct_e,0.0709215539395655
sub031,open,V3v,stim500pre,accuracy_e,incorrect_e,0.0220038039592135
sub031,open,V3v,stim500pre,rt,fast,-0.0479105119673994
sub031,open,V3v,stim500pre,rt,slow,0.39210489374009
sub031,closed,V1d,stim500pre,accuracy,correct,-0.134104594447718
sub031,closed,V1d,stim500pre,accuracy,incorrect,-0.383933094946506
sub031,closed,V1d,stim500pre,accuracy_e,correct_e,-0.14654137313598
sub031,closed,V1d,stim500pre,accuracy_e,incorrect_e,-0.383933094946506
sub031,closed,V1d,stim500pre,rt,fast,-0.188250535464758
sub031,closed,V1d,stim500pre,rt,slow,-0.0700609817359032
sub031,closed,V1v,stim500pre,accuracy,correct,-0.0860803043977817
sub031,closed,V1v,stim500pre,accuracy,incorrect,-0.248876926009919
sub031,closed,V1v,stim500pre,accuracy_e,correct_e,0.0308796681275444
sub031,closed,V1v,stim500pre,accuracy_e,incorrect_e,-0.248876926009919
sub031,closed,V1v,stim500pre,rt,fast,0.0593533684228677
sub031,closed,V1v,stim500pre,rt,slow,-0.214903356672665
sub031,closed,V2d,stim500pre,accuracy,correct,-0.121801700584722
sub031,closed,V2d,stim500pre,accuracy,incorrect,-0.271503033327185
sub031,closed,V2d,stim500pre,accuracy_e,correct_e,-0.183339445123314
sub031,closed,V2d,stim500pre,accuracy_e,incorrect_e,-0.271503033327185
sub031,closed,V2d,stim500pre,rt,fast,-0.181580287459769
sub031,closed,V2d,stim500pre,rt,slow,-0.0471749785413385
sub031,closed,V3a,stim500pre,accuracy,correct,-0.126308585513807
sub031,closed,V3a,stim500pre,accuracy,incorrect,-0.130040391007417
sub031,closed,V3a,stim500pre,accuracy_e,correct_e,-0.0413241497256156
sub031,closed,V3a,stim500pre,accuracy_e,incorrect_e,-0.130040391007417
sub031,closed,V3a,stim500pre,rt,fast,-0.0509741002305793
sub031,closed,V3a,stim500pre,rt,slow,-0.216679789114955
sub031,closed,V3b,stim500pre,accuracy,correct,-0.117348708169501
sub031,closed,V3b,stim500pre,accuracy,incorrect,0.175010003863384
sub031,closed,V3b,stim500pre,accuracy_e,correct_e,0.110174185993941
sub031,closed,V3b,stim500pre,accuracy_e,incorrect_e,0.175010003863384
sub031,closed,V3b,stim500pre,rt,fast,-0.181463936729435
sub031,closed,V3b,stim500pre,rt,slow,-0.0431796731572941
sub031,closed,V3d,stim500pre,accuracy,correct,-0.192262779325303
sub031,closed,V3d,stim500pre,accuracy,incorrect,-0.0312997932717288
sub031,closed,V3d,stim500pre,accuracy_e,correct_e,-0.139067492252783
sub031,closed,V3d,stim500pre,accuracy_e,incorrect_e,-0.0312997932717288
sub031,closed,V3d,stim500pre,rt,fast,-0.142251656378434
sub031,closed,V3d,stim500pre,rt,slow,-0.246696218667216
sub031,closed,V3v,stim500pre,accuracy,correct,-0.127676804568138
sub031,closed,V3v,stim500pre,accuracy,incorrect,-0.243044940491331
sub031,closed,V3v,stim500pre,accuracy_e,correct_e,0.0298154421748467
sub031,closed,V3v,stim500pre,accuracy_e,incorrect_e,-0.243044940491331
sub031,closed,V3v,stim500pre,rt,fast,-0.0922708817521123
sub031,closed,V3v,stim500pre,rt,slow,-0.16628252379913
sub032,open,V1d,stim500pre,accuracy,correct,0.372349501541309
sub032,open,V1d,stim500pre,accuracy,incorrect,0.256109146469994
sub032,open,V1d,stim500pre,accuracy_e,correct_e,0.543755122959471
sub032,open,V1d,stim500pre,accuracy_e,incorrect_e,0.256109146469994
sub032,open,V1d,stim500pre,rt,fast,0.423183091656517
sub032,open,V1d,stim500pre,rt,slow,0.311938471333087
sub032,open,V1v,stim500pre,accuracy,correct,0.34977918517643
sub032,open,V1v,stim500pre,accuracy,incorrect,-0.0129614860218591
sub032,open,V1v,stim500pre,accuracy_e,correct_e,0.384136523791097
sub032,open,V1v,stim500pre,accuracy_e,incorrect_e,-0.0129614860218591
sub032,open,V1v,stim500pre,rt,fast,0.450282212713119
sub032,open,V1v,stim500pre,rt,slow,0.246839330956402
sub032,open,V2d,stim500pre,accuracy,correct,0.359598167112536
sub032,open,V2d,stim500pre,accuracy,incorrect,0.320120686245309
sub032,open,V2d,stim500pre,accuracy_e,correct_e,0.436892029055784
sub032,open,V2d,stim500pre,accuracy_e,incorrect_e,0.320120686245309
sub032,open,V2d,stim500pre,rt,fast,0.581779566656323
sub032,open,V2d,stim500pre,rt,slow,0.147348579004374
sub032,open,V3a,stim500pre,accuracy,correct,0.591345069251234
sub032,open,V3a,stim500pre,accuracy,incorrect,0.310735504739823
sub032,open,V3a,stim500pre,accuracy_e,correct_e,0.612936362836153
sub032,open,V3a,stim500pre,accuracy_e,incorrect_e,0.310735504739823
sub032,open,V3a,stim500pre,rt,fast,0.677690853220053
sub032,open,V3a,stim500pre,rt,slow,0.46592703447796
sub032,open,V3b,stim500pre,accuracy,correct,0.183612047269621
sub032,open,V3b,stim500pre,accuracy,incorrect,0.0240273333744237
sub032,open,V3b,stim500pre,accuracy_e,correct_e,0.244300311856638
sub032,open,V3b,stim500pre,accuracy_e,incorrect_e,0.0240273333744237
sub032,open,V3b,stim500pre,rt,fast,0.0557824172523017
sub032,open,V3b,stim500pre,rt,slow,0.308405274974448
sub032,open,V3d,stim500pre,accuracy,correct,0.570970555637371
sub032,open,V3d,stim500pre,accuracy,incorrect,0.0673418524438059
sub032,open,V3d,stim500pre,accuracy_e,correct_e,0.678139016620325
sub032,open,V3d,stim500pre,accuracy_e,incorrect_e,0.0673418524438059
sub032,open,V3d,stim500pre,rt,fast,0.665335639813713
sub032,open,V3d,stim500pre,rt,slow,0.454808760733483
sub032,open,V3v,stim500pre,accuracy,correct,0.264263975554893
sub032,open,V3v,stim500pre,accuracy,incorrect,0.0146183814550067
sub032,open,V3v,stim500pre,accuracy_e,correct_e,0.360977560505463
sub032,open,V3v,stim500pre,accuracy_e,incorrect_e,0.0146183814550067
sub032,open,V3v,stim500pre,rt,fast,0.295271309027475
sub032,open,V3v,stim500pre,rt,slow,0.232578790613556
sub032,closed,V1d,stim500pre,accuracy,correct,-0.261348173874538
sub032,closed,V1d,stim500pre,accuracy,incorrect,-0.0584267537320996
sub032,closed,V1d,stim500pre,accuracy_e,correct_e,-0.0868230042395047
sub032,closed,V1d,stim500pre,accuracy_e,incorrect_e,-0.0584267537320996
sub032,closed,V1d,stim500pre,rt,fast,-0.31457548539462
sub032,closed,V1d,stim500pre,rt,slow,-0.202149600995535
sub032,closed,V1v,stim500pre,accuracy,correct,-0.260165498905077
sub032,closed,V1v,stim500pre,accuracy,incorrect,0.0611460186252322
sub032,closed,V1v,stim500pre,accuracy_e,correct_e,-0.075758082678515
sub032,closed,V1v,stim500pre,accuracy_e,incorrect_e,0.0611460186252322
sub032,closed,V1v,stim500pre,rt,fast,-0.220859745385735
sub032,closed,V1v,stim500pre,rt,slow,-0.296931375219684
sub032,closed,V2d,stim500pre,accuracy,correct,-0.278127063630625
sub032,closed,V2d,stim500pre,accuracy,incorrect,-0.196580117833278
sub032,closed,V2d,stim500pre,accuracy_e,correct_e,-0.0816067816035468
sub032,closed,V2d,stim500pre,accuracy_e,incorrect_e,-0.196580117833278
sub032,closed,V2d,stim500pre,rt,fast,-0.36097384388041
sub032,closed,V2d,stim500pre,rt,slow,-0.159613801858757
sub032,closed,V3a,stim500pre,accuracy,correct,-0.194211311953036
sub032,closed,V3a,stim500pre,accuracy,incorrect,0.022751248747499
sub032,closed,V3a,stim500pre,accuracy_e,correct_e,-0.0168236514295757
sub032,closed,V3a,stim500pre,accuracy_e,incorrect_e,0.022751248747499
sub032,closed,V3a,stim500pre,rt,fast,-0.240749016766858
sub032,closed,V3a,stim500pre,rt,slow,-0.126462677122135
sub032,closed,V3b,stim500pre,accuracy,correct,-0.0960419113068435
sub032,closed,V3b,stim500pre,accuracy,incorrect,-0.171514702581614
sub032,closed,V3b,stim500pre,accuracy_e,correct_e,-0.09590191437524
sub032,closed,V3b,stim500pre,accuracy_e,incorrect_e,-0.171514702581614
sub032,closed,V3b,stim500pre,rt,fast,-0.118995096138088
sub032,closed,V3b,stim500pre,rt,slow,-0.0680896396901529
sub032,closed,V3d,stim500pre,accuracy,correct,-0.170244324409185
sub032,closed,V3d,stim500pre,accuracy,incorrect,0.0271622252708411
sub032,closed,V3d,stim500pre,accuracy_e,correct_e,-0.00839068538292042
sub032,closed,V3d,stim500pre,accuracy_e,incorrect_e,0.0271622252708411
sub032,closed,V3d,stim500pre,rt,fast,-0.180857674139849
sub032,closed,V3d,stim500pre,rt,slow,-0.158217702192559
sub032,closed,V3v,stim500pre,accuracy,correct,-0.160369993957204
sub032,closed,V3v,stim500pre,accuracy,incorrect,-0.0858758716311059
sub032,closed,V3v,stim500pre,accuracy_e,correct_e,-0.224332420023164
sub032,closed,V3v,stim500pre,accuracy_e,incorrect_e,-0.0858758716311059
sub032,closed,V3v,stim500pre,rt,fast,-0.0770485076559429
sub032,closed,V3v,stim500pre,rt,slow,-0.247430052396777
sub033,open,V1d,stim500pre,accuracy,correct,0.173044370969599
sub033,open,V1d,stim500pre,accuracy,incorrect,0.00684809787329076
sub033,open,V1d,stim500pre,accuracy_e,correct_e,0.22105620454982
sub033,open,V1d,stim500pre,accuracy_e,incorrect_e,0.00684809787329076
sub033,open,V1d,stim500pre,rt,fast,0.139773505654012
sub033,open,V1d,stim500pre,rt,slow,0.227115382577723
sub033,open,V1v,stim500pre,accuracy,correct,0.0549584551860352
sub033,open,V1v,stim500pre,accuracy,incorrect,0.499576697558922
sub033,open,V1v,stim500pre,accuracy_e,correct_e,0.0790232633227836
sub033,open,V1v,stim500pre,accuracy_e,incorrect_e,0.499576697558922
sub033,open,V1v,stim500pre,rt,fast,0.06917731854113
sub033,open,V1v,stim500pre,rt,slow,0.0591411609344443
sub033,open,V2d,stim500pre,accuracy,correct,0.341546262086552
sub033,open,V2d,stim500pre,accuracy,incorrect,-0.0204049385691648
sub033,open,V2d,stim500pre,accuracy_e,correct_e,0.112410139144944
sub033,open,V2d,stim500pre,accuracy_e,incorrect_e,-0.0204049385691648
sub033,open,V2d,stim500pre,rt,fast,0.415413126969965
sub033,open,V2d,stim500pre,rt,slow,0.279270814456973
sub033,open,V3a,stim500pre,accuracy,correct,0.180556158008305
sub033,open,V3a,stim500pre,accuracy,incorrect,0.221757107557747
sub033,open,V3a,stim500pre,accuracy_e,correct_e,0.203263874193431
sub033,open,V3a,stim500pre,accuracy_e,incorrect_e,0.221757107557747
sub033,open,V3a,stim500pre,rt,fast,0.139542698850886
sub033,open,V3a,stim500pre,rt,slow,0.235686828776613
sub033,open,V3b,stim500pre,accuracy,correct,0.439649463826339
sub033,open,V3b,stim500pre,accuracy,incorrect,0.21028541884076
sub033,open,V3b,stim500pre,accuracy_e,correct_e,0.944924025541219
sub033,open,V3b,stim500pre,accuracy_e,incorrect_e,0.21028541884076
sub033,open,V3b,stim500pre,rt,fast,0.513234508746174
sub033,open,V3b,stim500pre,rt,slow,0.371059799307032
sub033,open,V3d,stim500pre,accuracy,correct,0.087491230193523
sub033,open,V3d,stim500pre,accuracy,incorrect,0.0413227283939806
sub033,open,V3d,stim500pre,accuracy_e,correct_e,-0.268847963973184
sub033,open,V3d,stim500pre,accuracy_e,incorrect_e,0.0413227283939806
sub033,open,V3d,stim500pre,rt,fast,0.0609967162869327
sub033,open,V3d,stim500pre,rt,slow,0.0987865681690462
sub033,open,V3v,stim500pre,accuracy,correct,0.18434291816358
sub033,open,V3v,stim500pre,accuracy,incorrect,0.0579900522043959
sub033,open,V3v,stim500pre,accuracy_e,correct_e,-0.0241122862356843
sub033,open,V3v,stim500pre,accuracy_e,incorrect_e,0.0579900522043959
sub033,open,V3v,stim500pre,rt,fast,0.145404392342881
sub033,open,V3v,stim500pre,rt,slow,0.225618556798569
sub033,closed,V1d,stim500pre,accuracy,correct,0.12132060647835
sub033,closed,V1d,stim500pre,accuracy,incorrect,0.0569720012067437
sub033,closed,V1d,stim500pre,accuracy_e,correct_e,0.610688323052937
sub033,closed,V1d,stim500pre,accuracy_e,incorrect_e,0.0569720012067437
sub033,closed,V1d,stim500pre,rt,fast,0.114255139507546
sub033,closed,V1d,stim500pre,rt,slow,0.129532987774191
sub033,closed,V1v,stim500pre,accuracy,correct,0.111395441512959
sub033,closed,V1v,stim500pre,accuracy,incorrect,0.00546071837643092
sub033,closed,V1v,stim500pre,accuracy_e,correct_e,0.384320724081608
sub033,closed,V1v,stim500pre,accuracy_e,incorrect_e,0.00546071837643092
sub033,closed,V1v,stim500pre,rt,fast,0.349802723327413
sub033,closed,V1v,stim500pre,rt,slow,-0.0965243686807543
sub033,closed,V2d,stim500pre,accuracy,correct,0.0692915148018448
sub033,closed,V2d,stim500pre,accuracy,incorrect,0.0128611765799411
sub033,closed,V2d,stim500pre,accuracy_e,correct_e,0.25068136233481
sub033,closed,V2d,stim500pre,accuracy_e,incorrect_e,0.0128611765799411
sub033,closed,V2d,stim500pre,rt,fast,0.053924920420513
sub033,closed,V2d,stim500pre,rt,slow,0.0861279640612525
sub033,closed,V3a,stim500pre,accuracy,correct,0.0377560427978121
sub033,closed,V3a,stim500pre,accuracy,incorrect,-0.377520003733135
sub033,closed,V3a,stim500pre,accuracy_e,correct_e,-0.104549228749371
sub033,closed,V3a,stim500pre,accuracy_e,incorrect_e,-0.377520003733135
sub033,closed,V3a,stim500pre,rt,fast,-0.065800534457609
sub033,closed,V3a,stim500pre,rt,slow,0.13791500136213
sub033,closed,V3b,stim500pre,accuracy,correct,-0.084685413527991
sub033,closed,V3b,stim500pre,accuracy,incorrect,0.179752083195403
sub033,closed,V3b,stim500pre,accuracy_e,correct_e,-0.30620152892712
sub033,closed,V3b,stim500pre,accuracy_e,incorrect_e,0.179752083195403
sub033,closed,V3b,stim500pre,rt,fast,-0.118716833882177
sub033,closed,V3b,stim500pre,rt,slow,-0.0484837143378685
sub033,closed,V3d,stim500pre,accuracy,correct,0.0179625153624717
sub033,closed,V3d,stim500pre,accuracy,incorrect,-0.0263547509829148
sub033,closed,V3d,stim500pre,accuracy_e,correct_e,0.0136070788933354
sub033,closed,V3d,stim500pre,accuracy_e,incorrect_e,-0.0263547509829148
sub033,closed,V3d,stim500pre,rt,fast,0.15759665488639
sub033,closed,V3d,stim500pre,rt,slow,-0.111907943749719
sub033,closed,V3v,stim500pre,accuracy,correct,0.0779441527917804
sub033,closed,V3v,stim500pre,accuracy,incorrect,-0.0220521692207269
sub033,closed,V3v,stim500pre,accuracy_e,correct_e,-0.120738194149046
sub033,closed,V3v,stim500pre,accuracy_e,incorrect_e,-0.0220521692207269
sub033,closed,V3v,stim500pre,rt,fast,-0.0382811190521893
sub033,closed,V3v,stim500pre,rt,slow,0.210717948031355
sub034,open,V1d,stim500pre,accuracy,correct,-0.234703524106919
sub034,open,V1d,stim500pre,accuracy,incorrect,-0.144280582997454
sub034,open,V1d,stim500pre,accuracy_e,correct_e,-0.125585118425291
sub034,open,V1d,stim500pre,accuracy_e,incorrect_e,-0.144280582997454
sub034,open,V1d,stim500pre,rt,fast,-0.147394824916478
sub034,open,V1d,stim500pre,rt,slow,-0.303485632724719
sub034,open,V1v,stim500pre,accuracy,correct,-0.227604037161704
sub034,open,V1v,stim500pre,accuracy,incorrect,0.00280906346625118
sub034,open,V1v,stim500pre,accuracy_e,correct_e,-0.277857289591857
sub034,open,V1v,stim500pre,accuracy_e,incorrect_e,0.00280906346625118
sub034,open,V1v,stim500pre,rt,fast,-0.187282842531147
sub034,open,V1v,stim500pre,rt,slow,-0.249024789731253
sub034,open,V2d,stim500pre,accuracy,correct,-0.21772585770451
sub034,open,V2d,stim500pre,accuracy,incorrect,-0.311672484842461
sub034,open,V2d,stim500pre,accuracy_e,correct_e,-0.172578917520515
sub034,open,V2d,stim500pre,accuracy_e,incorrect_e,-0.311672484842461
sub034,open,V2d,stim500pre,rt,fast,-0.199084848298181
sub034,open,V2d,stim500pre,rt,slow,-0.232282242295145
sub034,open,V3a,stim500pre,accuracy,correct,-0.163686651608171
sub034,open,V3a,stim500pre,accuracy,incorrect,-0.233847697099285
sub034,open,V3a,stim500pre,accuracy_e,correct_e,-0.315817036157173
sub034,open,V3a,stim500pre,accuracy_e,incorrect_e,-0.233847697099285
sub034,open,V3a,stim500pre,rt,fast,-0.151924848973474
sub034,open,V3a,stim500pre,rt,slow,-0.182351066050025
sub034,open,V3b,stim500pre,accuracy,correct,-0.0586313327214584
sub034,open,V3b,stim500pre,accuracy,incorrect,-0.303179041018345
sub034,open,V3b,stim500pre,accuracy_e,correct_e,-0.290241295221835
sub034,open,V3b,stim500pre,accuracy_e,incorrect_e,-0.303179041018345
sub034,open,V3b,stim500pre,rt,fast,-0.121673674605854
sub034,open,V3b,stim500pre,rt,slow,-0.0283340434091333
sub034,open,V3d,stim500pre,accuracy,correct,-0.286475015280594
sub034,open,V3d,stim500pre,accuracy,incorrect,-0.383923494716381
sub034,open,V3d,stim500pre,accuracy_e,correct_e,-0.380984296092935
sub034,open,V3d,stim500pre,accuracy_e,incorrect_e,-0.383923494716381
sub034,open,V3d,stim500pre,rt,fast,-0.333252550726707
sub034,open,V3d,stim500pre,rt,slow,-0.248770859535434
sub034,open,V3v,stim500pre,accuracy,correct,-0.178490014878695
sub034,open,V3v,stim500pre,accuracy,incorrect,-0.0809131351212941
sub034,open,V3v,stim500pre,accuracy_e,correct_e,-0.232287743842506
sub034,open,V3v,stim500pre,accuracy_e,incorrect_e,-0.0809131351212941
sub034,open,V3v,stim500pre,rt,fast,-0.151067436474934
sub034,open,V3v,stim500pre,rt,slow,-0.201928555653838
sub034,closed,V1d,stim500pre,accuracy,correct,-0.0204508786877849
sub034,closed,V1d,stim500pre,accuracy,incorrect,-0.0424363064210924
sub034,closed,V1d,stim500pre,accuracy_e,correct_e,-0.0131745600702652
sub034,closed,V1d,stim500pre,accuracy_e,incorrect_e,-0.0424363064210924
sub034,closed,V1d,stim500pre,rt,fast,0.0520853876691525
sub034,closed,V1d,stim500pre,rt,slow,-0.0819447930648396
sub034,closed,V1v,stim500pre,accuracy,correct,0.106813350714465
sub034,closed,V1v,stim500pre,accuracy,incorrect,-0.0669974364348054
sub034,closed,V1v,stim500pre,accuracy_e,correct_e,0.279113576617797
sub034,closed,V1v,stim500pre,accuracy_e,incorrect_e,-0.0669974364348054
sub034,closed,V1v,stim500pre,rt,fast,0.264769947045697
sub034,closed,V1v,stim500pre,rt,slow,-0.0226236186220091
sub034,closed,V2d,stim500pre,accuracy,correct,-0.038135179327276
sub034,closed,V2d,stim500pre,accuracy,incorrect,0.0172548558330812
sub034,closed,V2d,stim500pre,accuracy_e,correct_e,-0.0529511921744692
sub034,closed,V2d,stim500pre,accuracy_e,incorrect_e,0.0172548558330812
sub034,closed,V2d,stim500pre,rt,fast,-0.0738812675220238
sub034,closed,V2d,stim500pre,rt,slow,0.0181253085860225
sub034,closed,V3a,stim500pre,accuracy,correct,-0.0595378158942498
sub034,closed,V3a,stim500pre,accuracy,incorrect,0.146788299462573
sub034,closed,V3a,stim500pre,accuracy_e,correct_e,-0.105819688611386
sub034,closed,V3a,stim500pre,accuracy_e,incorrect_e,0.146788299462573
sub034,closed,V3a,stim500pre,rt,fast,-0.190893998423013
sub034,closed,V3a,stim500pre,rt,slow,0.11276769445757
sub034,closed,V3b,stim500pre,accuracy,correct,-0.0490814688299081
sub034,closed,V3b,stim500pre,accuracy,incorrect,0.0682465148102449
sub034,closed,V3b,stim500pre,accuracy_e,correct_e,-0.153291022405793
sub034,closed,V3b,stim500pre,accuracy_e,incorrect_e,0.0682465148102449
sub034,closed,V3b,stim500pre,rt,fast,-0.0436964101991123
sub034,closed,V3b,stim500pre,rt,slow,-0.0542833292243873
sub034,closed,V3d,stim500pre,accuracy,correct,-0.0161638992560673
sub034,closed,V3d,stim500pre,accuracy,incorrect,-0.0122097297913631
sub034,closed,V3d,stim500pre,accuracy_e,correct_e,-0.125915051928288
sub034,closed,V3d,stim500pre,accuracy_e,incorrect_e,-0.0122097297913631
sub034,closed,V3d,stim500pre,rt,fast,-0.0739258140668219
sub034,closed,V3d,stim500pre,rt,slow,0.052203762872768
sub034,closed,V3v,stim500pre,accuracy,correct,0.0182966890809051
sub034,closed,V3v,stim500pre,accuracy,incorrect,0.208953185842212
sub034,closed,V3v,stim500pre,accuracy_e,correct_e,0.238670647400386
sub034,closed,V3v,stim500pre,accuracy_e,incorrect_e,0.208953185842212
sub034,closed,V3v,stim500pre,rt,fast,-0.0382016810493559
sub034,closed,V3v,stim500pre,rt,slow,0.087221155026784
sub035,open,V1d,stim500pre,accuracy,correct,0.169955017072552
sub035,open,V1d,stim500pre,accuracy,incorrect,-0.0215174831809579
sub035,open,V1d,stim500pre,accuracy_e,correct_e,0.155035211828694
sub035,open,V1d,stim500pre,accuracy_e,incorrect_e,-0.0215174831809579
sub035,open,V1d,stim500pre,rt,fast,0.0409849101296543
sub035,open,V1d,stim500pre,rt,slow,0.270180666108511
sub035,open,V1v,stim500pre,accuracy,correct,0.146283447166008
sub035,open,V1v,stim500pre,accuracy,incorrect,-0.0431132381005262
sub035,open,V1v,stim500pre,accuracy_e,correct_e,0.214524151071641
sub035,open,V1v,stim500pre,accuracy_e,incorrect_e,-0.0431132381005262
sub035,open,V1v,stim500pre,rt,fast,0.0431111562594696
sub035,open,V1v,stim500pre,rt,slow,0.215171453218222
sub035,open,V2d,stim500pre,accuracy,correct,0.21663165655822
sub035,open,V2d,stim500pre,accuracy,incorrect,-0.00602355597569671
sub035,open,V2d,stim500pre,accuracy_e,correct_e,0.115245662111952
sub035,open,V2d,stim500pre,accuracy_e,incorrect_e,-0.00602355597569671
sub035,open,V2d,stim500pre,rt,fast,0.179030092576348
sub035,open,V2d,stim500pre,rt,slow,0.246188828723374
sub035,open,V3a,stim500pre,accuracy,correct,0.139506790572406
sub035,open,V3a,stim500pre,accuracy,incorrect,0.0812009452616724
sub035,open,V3a,stim500pre,accuracy_e,correct_e,0.183822876646887
sub035,open,V3a,stim500pre,accuracy_e,incorrect_e,0.0812009452616724
sub035,open,V3a,stim500pre,rt,fast,0.00152234236817262
sub035,open,V3a,stim500pre,rt,slow,0.287958164464635
sub035,open,V3b,stim500pre,accuracy,correct,0.0862543492362864
sub035,open,V3b,stim500pre,accuracy,incorrect,0.126044979582148
sub035,open,V3b,stim500pre,accuracy_e,correct_e,0.201980669704311
sub035,open,V3b,stim500pre,accuracy_e,incorrect_e,0.126044979582148
sub035,open,V3b,stim500pre,rt,fast,0.0539062328970517
sub035,open,V3b,stim500pre,rt,slow,0.0932832361274066
sub035,open,V3d,stim500pre,accuracy,correct,0.104070877610045
sub035,open,V3d,stim500pre,accuracy,incorrect,0.068053176452801
sub035,open,V3d,stim500pre,accuracy_e,correct_e,0.0460347365954305
sub035,open,V3d,stim500pre,accuracy_e,incorrect_e,0.068053176452801
sub035,open,V3d,stim500pre,rt,fast,0.0408640186060781
sub035,open,V3d,stim500pre,rt,slow,0.183117516494506
sub035,open,V3v,stim500pre,accuracy,correct,-0.126885709722153
sub035,open,V3v,stim500pre,accuracy,incorrect,0.0199390724034684
sub035,open,V3v,stim500pre,accuracy_e,correct_e,-0.0730668877460121
sub035,open,V3v,stim500pre,accuracy_e,incorrect_e,0.0199390724034684
sub035,open,V3v,stim500pre,rt,fast,-0.147453722644243
sub035,open,V3v,stim500pre,rt,slow,-0.130984405715898
sub035,closed,V1d,stim500pre,accuracy,correct,0.00156326197793657
sub035,closed,V1d,stim500pre,accuracy,incorrect,0.0237098867463959
sub035,closed,V1d,stim500pre,accuracy_e,correct_e,0.0987358382560411
sub035,closed,V1d,stim500pre,accuracy_e,incorrect_e,0.0237098867463959
sub035,closed,V1d,stim500pre,rt,fast,-0.216268098685036
sub035,closed,V1d,stim500pre,rt,slow,0.26312443765565
sub035,closed,V1v,stim500pre,accuracy,correct,-0.00674529403824223
sub035,closed,V1v,stim500pre,accuracy,incorrect,-0.0235987264708525
sub035,closed,V1v,stim500pre,accuracy_e,correct_e,0.0779574989336062
sub035,closed,V1v,stim500pre,accuracy_e,incorrect_e,-0.0235987264708525
sub035,closed,V1v,stim500pre,rt,fast,-0.207179034041738
sub035,closed,V1v,stim500pre,rt,slow,0.230958390305675
sub035,closed,V2d,stim500pre,accuracy,correct,-0.00709274971691297
sub035,closed,V2d,stim500pre,accuracy,incorrect,-0.0313039825535532
sub035,closed,V2d,stim500pre,accuracy_e,correct_e,0.0387899962627232
sub035,closed,V2d,stim500pre,accuracy_e,incorrect_e,-0.0313039825535532
sub035,closed,V2d,stim500pre,rt,fast,-0.229283631944045
sub035,closed,V2d,stim500pre,rt,slow,0.256477168771144
sub035,closed,V3a,stim500pre,accuracy,correct,0.0799776313244854
sub035,closed,V3a,stim500pre,accuracy,incorrect,-0.0276469935530105
sub035,closed,V3a,stim500pre,accuracy_e,correct_e,0.118153677161917
sub035,closed,V3a,stim500pre,accuracy_e,incorrect_e,-0.0276469935530105
sub035,closed,V3a,stim500pre,rt,fast,-0.155409382112286
sub035,closed,V3a,stim500pre,rt,slow,0.38559144551228
sub035,closed,V3b,stim500pre,accuracy,correct,-0.0593231765836106
sub035,closed,V3b,stim500pre,accuracy,incorrect,-0.0762059210695483
sub035,closed,V3b,stim500pre,accuracy_e,correct_e,0.000129739910991582
sub035,closed,V3b,stim500pre,accuracy_e,incorrect_e,-0.0762059210695483
sub035,closed,V3b,stim500pre,rt,fast,-0.219748724529463
sub035,closed,V3b,stim500pre,rt,slow,0.153624734941715
sub035,closed,V3d,stim500pre,accuracy,correct,0.0634401102035951
sub035,closed,V3d,stim500pre,accuracy,incorrect,-0.0268733339438996
sub035,closed,V3d,stim500pre,accuracy_e,correct_e,0.100883317479199
sub035,closed,V3d,stim500pre,accuracy_e,incorrect_e,-0.0268733339438996
sub035,closed,V3d,stim500pre,rt,fast,-0.288907645047117
sub035,closed,V3d,stim500pre,rt,slow,0.603382750002459
sub035,closed,V3v,stim500pre,accuracy,correct,-0.0999553948842164
sub035,closed,V3v,stim500pre,accuracy,incorrect,-0.170883197484205
sub035,closed,V3v,stim500pre,accuracy_e,correct_e,-0.00421794294494326
sub035,closed,V3v,stim500pre,accuracy_e,incorrect_e,-0.170883197484205
sub035,closed,V3v,stim500pre,rt,fast,-0.0835048234914387
sub035,closed,V3v,stim500pre,rt,slow,-0.118473961162187
sub036,open,V1d,stim500pre,accuracy,correct,0.234880937528983
sub036,open,V1d,stim500pre,accuracy,incorrect,0.257108302642163
sub036,open,V1d,stim500pre,accuracy_e,correct_e,0.0693071397272547
sub036,open,V1d,stim500pre,accuracy_e,incorrect_e,0.257108302642163
sub036,open,V1d,stim500pre,rt,fast,0.307619088230295
sub036,open,V1d,stim500pre,rt,slow,0.157039819498404
sub036,open,V1v,stim500pre,accuracy,correct,0.284901699096235
sub036,open,V1v,stim500pre,accuracy,incorrect,0.313788952303574
sub036,open,V1v,stim500pre,accuracy_e,correct_e,0.203797847916016
sub036,open,V1v,stim500pre,accuracy_e,incorrect_e,0.313788952303574
sub036,open,V1v,stim500pre,rt,fast,0.381240116746602
sub036,open,V1v,stim500pre,rt,slow,0.182785861654453
sub036,open,V2d,stim500pre,accuracy,correct,0.104700413300458
sub036,open,V2d,stim500pre,accuracy,incorrect,0.385103348408559
sub036,open,V2d,stim500pre,accuracy_e,correct_e,0.0253989997189601
sub036,open,V2d,stim500pre,accuracy_e,incorrect_e,0.385103348408559
sub036,open,V2d,stim500pre,rt,fast,0.157710380057072
sub036,open,V2d,stim500pre,rt,slow,0.0514656555563857
sub036,open,V3a,stim500pre,accuracy,correct,0.263876049769337
sub036,open,V3a,stim500pre,accuracy,incorrect,0.400705562941801
sub036,open,V3a,stim500pre,accuracy_e,correct_e,0.15107429006339
sub036,open,V3a,stim500pre,accuracy_e,incorrect_e,0.400705562941801
sub036,open,V3a,stim500pre,rt,fast,0.265346492665328
sub036,open,V3a,stim500pre,rt,slow,0.2621491508013
sub036,open,V3b,stim500pre,accuracy,correct,0.279065877036985
sub036,open,V3b,stim500pre,accuracy,incorrect,0.415584296123088
sub036,open,V3b,stim500pre,accuracy_e,correct_e,0.574441486312404
sub036,open,V3b,stim500pre,accuracy_e,incorrect_e,0.415584296123088
sub036,open,V3b,stim500pre,rt,fast,0.255555770877341
sub036,open,V3b,stim500pre,rt,slow,0.307616841446607
sub036,open,V3d,stim500pre,accuracy,correct,0.265232209926413
sub036,open,V3d,stim500pre,accuracy,incorrect,0.327473492398577
sub036,open,V3d,stim500pre,accuracy_e,correct_e,0.505570423894439
sub036,open,V3d,stim500pre,accuracy_e,incorrect_e,0.327473492398577
sub036,open,V3d,stim500pre,rt,fast,0.42993413640108
sub036,open,V3d,stim500pre,rt,slow,0.107483796604593
sub036,open,V3v,stim500pre,accuracy,correct,0.194474861465475
sub036,open,V3v,stim500pre,accuracy,incorrect,0.430703939007466
sub036,open,V3v,stim500pre,accuracy_e,correct_e,0.0174269196406365
sub036,open,V3v,stim500pre,accuracy_e,incorrect_e,0.430703939007466
sub036,open,V3v,stim500pre,rt,fast,0.194367067936642
sub036,open,V3v,stim500pre,rt,slow,0.194592638007143
sub036,closed,V1d,stim500pre,accuracy,correct,-0.0782048903366641
sub036,closed,V1d,stim500pre,accuracy,incorrect,-0.0472212157073678
sub036,closed,V1d,stim500pre,accuracy_e,correct_e,-0.134764247358695
sub036,closed,V1d,stim500pre,accuracy_e,incorrect_e,-0.0472212157073678
sub036,closed,V1d,stim500pre,rt,fast,-0.0863588156656103
sub036,closed,V1d,stim500pre,rt,slow,-0.0670292550041712
sub036,closed,V1v,stim500pre,accuracy,correct,-0.0490066043929961
sub036,closed,V1v,stim500pre,accuracy,incorrect,-0.11838770587837
sub036,closed,V1v,stim500pre,accuracy_e,correct_e,-0.112180245158674
sub036,closed,V1v,stim500pre,accuracy_e,incorrect_e,-0.11838770587837
sub036,closed,V1v,stim500pre,rt,fast,-0.0939142610360746
sub036,closed,V1v,stim500pre,rt,slow,-0.00295990480451847
sub036,closed,V2d,stim500pre,accuracy,correct,-0.0688000407312898
sub036,closed,V2d,stim500pre,accuracy,incorrect,-0.141907958910093
sub036,closed,V2d,stim500pre,accuracy_e,correct_e,-0.0472686825700955
sub036,closed,V2d,stim500pre,accuracy_e,incorrect_e,-0.141907958910093
sub036,closed,V2d,stim500pre,rt,fast,-0.14833464279191
sub036,closed,V2d,stim500pre,rt,slow,0.0118234319536327
sub036,closed,V3a,stim500pre,accuracy,correct,-0.0837346236725515
sub036,closed,V3a,stim500pre,accuracy,incorrect,0.00344081288928685
sub036,closed,V3a,stim500pre,accuracy_e,correct_e,-0.16004258470486
sub036,closed,V3a,stim500pre,accuracy_e,incorrect_e,0.00344081288928685
sub036,closed,V3a,stim500pre,rt,fast,-0.116628313098897
sub036,closed,V3a,stim500pre,rt,slow,-0.0659904125370883
sub036,closed,V3b,stim500pre,accuracy,correct,0.101013492506515
sub036,closed,V3b,stim500pre,accuracy,incorrect,0.0402947405312435
sub036,closed,V3b,stim500pre,accuracy_e,correct_e,0.395643451037293
sub036,closed,V3b,stim500pre,accuracy_e,incorrect_e,0.0402947405312435
sub036,closed,V3b,stim500pre,rt,fast,0.118547651886352
sub036,closed,V3b,stim500pre,rt,slow,0.0723758869283055
sub036,closed,V3d,stim500pre,accuracy,correct,-0.0178416891894398
sub036,closed,V3d,stim500pre,accuracy,incorrect,-0.337011319948829
sub036,closed,V3d,stim500pre,accuracy_e,correct_e,-0.0383023274369495
sub036,closed,V3d,stim500pre,accuracy_e,incorrect_e,-0.337011319948829
sub036,closed,V3d,stim500pre,rt,fast,0.0514690353680351
sub036,closed,V3d,stim500pre,rt,slow,-0.0717227002476256
sub036,closed,V3v,stim500pre,accuracy,correct,0.0104057915361361
sub036,closed,V3v,stim500pre,accuracy,incorrect,-0.189357049661752
sub036,closed,V3v,stim500pre,accuracy_e,correct_e,-0.0036060563653294
sub036,closed,V3v,stim500pre,accuracy_e,incorrect_e,-0.189357049661752
sub036,closed,V3v,stim500pre,rt,fast,-0.0449803692760512
sub036,closed,V3v,stim500pre,rt,slow,0.137907385549634
sub037,open,V1d,stim500pre,accuracy,correct,-0.223719311318794
sub037,open,V1d,stim500pre,accuracy,incorrect,0.0906363357732451
sub037,open,V1d,stim500pre,accuracy_e,correct_e,-0.123653682776297
sub037,open,V1d,stim500pre,accuracy_e,incorrect_e,0.0906363357732451
sub037,open,V1d,stim500pre,rt,fast,-0.229602035616824
sub037,open,V1d,stim500pre,rt,slow,-0.218451026036026
sub037,open,V1v,stim500pre,accuracy,correct,-0.196037598347429
sub037,open,V1v,stim500pre,accuracy,incorrect,-0.138265507945374
sub037,open,V1v,stim500pre,accuracy_e,correct_e,-0.171015021980606
sub037,open,V1v,stim500pre,accuracy_e,incorrect_e,-0.138265507945374
sub037,open,V1v,stim500pre,rt,fast,-0.12586536456584
sub037,open,V1v,stim500pre,rt,slow,-0.253066636441119
sub037,open,V2d,stim500pre,accuracy,correct,-0.165301870539176
sub037,open,V2d,stim500pre,accuracy,incorrect,0.127842497195811
sub037,open,V2d,stim500pre,accuracy_e,correct_e,0.0779125798518032
sub037,open,V2d,stim500pre,accuracy_e,incorrect_e,0.127842497195811
sub037,open,V2d,stim500pre,rt,fast,-0.171142030198729
sub037,open,V2d,stim500pre,rt,slow,-0.159902014451625
sub037,open,V3a,stim500pre,accuracy,correct,-0.203592268335812
sub037,open,V3a,stim500pre,accuracy,incorrect,-0.0377797543398859
sub037,open,V3a,stim500pre,accuracy_e,correct_e,-0.343477451816929
sub037,open,V3a,stim500pre,accuracy_e,incorrect_e,-0.0377797543398859
sub037,open,V3a,stim500pre,rt,fast,-0.163932297279565
sub037,open,V3a,stim500pre,rt,slow,-0.23216565827173
sub037,open,V3b,stim500pre,accuracy,correct,-0.0390343610733927
sub037,open,V3b,stim500pre,accuracy,incorrect,-0.332494644401994
sub037,open,V3b,stim500pre,accuracy_e,correct_e,-0.172525877030493
sub037,open,V3b,stim500pre,accuracy_e,incorrect_e,-0.332494644401994
sub037,open,V3b,stim500pre,rt,fast,0.0385234061659203
sub037,open,V3b,stim500pre,rt,slow,-0.122478784860999
sub037,open,V3d,stim500pre,accuracy,correct,-0.139821896611538
sub037,open,V3d,stim500pre,accuracy,incorrect,-0.219444354620245
sub037,open,V3d,stim500pre,accuracy_e,correct_e,-0.0485527563415857
sub037,open,V3d,stim500pre,accuracy_e,incorrect_e,-0.219444354620245
sub037,open,V3d,stim500pre,rt,fast,-0.0640825987590501
sub037,open,V3d,stim500pre,rt,slow,-0.207106272394475
sub037,open,V3v,stim500pre,accuracy,correct,-0.134446140205345
sub037,open,V3v,stim500pre,accuracy,incorrect,-0.0566296008537741
sub037,open,V3v,stim500pre,accuracy_e,correct_e,-0.165216339015796
sub037,open,V3v,stim500pre,accuracy_e,incorrect_e,-0.0566296008537741
sub037,open,V3v,stim500pre,rt,fast,0.00317052635591439
sub037,open,V3v,stim500pre,rt,slow,-0.251499539996354
sub037,closed,V1d,stim500pre,accuracy,correct,-0.304095039648294
sub037,closed,V1d,stim500pre,accuracy,incorrect,-0.368550281600777
sub037,closed,V1d,stim500pre,accuracy_e,correct_e,-0.35353016273178
sub037,closed,V1d,stim500pre,accuracy_e,incorrect_e,-0.368550281600777
sub037,closed,V1d,stim500pre,rt,fast,-0.164554419477434
sub037,closed,V1d,stim500pre,rt,slow,-0.440408754790576
sub037,closed,V1v,stim500pre,accuracy,correct,-0.353116946728142
sub037,closed,V1v,stim500pre,accuracy,incorrect,-0.303028187750309
sub037,closed,V1v,stim500pre,accuracy_e,correct_e,-0.462161588644383
sub037,closed,V1v,stim500pre,accuracy_e,incorrect_e,-0.303028187750309
sub037,closed,V1v,stim500pre,rt,fast,-0.285456922181764
sub037,closed,V1v,stim500pre,rt,slow,-0.419511507222053
sub037,closed,V2d,stim500pre,accuracy,correct,-0.183026186038663
sub037,closed,V2d,stim500pre,accuracy,incorrect,-0.399806201155516
sub037,closed,V2d,stim500pre,accuracy_e,correct_e,-0.137018784734715
sub037,closed,V2d,stim500pre,accuracy_e,incorrect_e,-0.399806201155516
sub037,closed,V2d,stim500pre,rt,fast,0.0192120935187044
sub037,closed,V2d,stim500pre,rt,slow,-0.383008161716653
sub037,closed,V3a,stim500pre,accuracy,correct,-0.333250990246341
sub037,closed,V3a,stim500pre,accuracy,incorrect,-0.473053501528033
sub037,closed,V3a,stim500pre,accuracy_e,correct_e,-0.314795877207881
sub037,closed,V3a,stim500pre,accuracy_e,incorrect_e,-0.473053501528033
sub037,closed,V3a,stim500pre,rt,fast,-0.196498937389868
sub037,closed,V3a,stim500pre,rt,slow,-0.471071292038629
sub037,closed,V3b,stim500pre,accuracy,correct,-0.283358958592025
sub037,closed,V3b,stim500pre,accuracy,incorrect,-0.42474578878317
sub037,closed,V3b,stim500pre,accuracy_e,correct_e,-0.249690462557688
sub037,closed,V3b,stim500pre,accuracy_e,incorrect_e,-0.42474578878317
sub037,closed,V3b,stim500pre,rt,fast,-0.14778039766278
sub037,closed,V3b,stim500pre,rt,slow,-0.404083734573477
sub037,closed,V3d,stim500pre,accuracy,correct,-0.273650110671183
sub037,closed,V3d,stim500pre,accuracy,incorrect,-0.444009605867118
sub037,closed,V3d,stim500pre,accuracy_e,correct_e,-0.271075111424193
sub037,closed,V3d,stim500pre,accuracy_e,incorrect_e,-0.444009605867118
sub037,closed,V3d,stim500pre,rt,fast,-0.106751447840306
sub037,closed,V3d,stim500pre,rt,slow,-0.419516160956001
sub037,closed,V3v,stim500pre,accuracy,correct,-0.235345864264025
sub037,closed,V3v,stim500pre,accuracy,incorrect,-0.215620972289679
sub037,closed,V3v,stim500pre,accuracy_e,correct_e,-0.0954981736853658
sub037,closed,V3v,stim500pre,accuracy_e,incorrect_e,-0.215620972289679
sub037,closed,V3v,stim500pre,rt,fast,-0.0963969643831043
sub037,closed,V3v,stim500pre,rt,slow,-0.346630077053997
sub039,open,V1d,stim500pre,accuracy,correct,0.0832203174620641
sub039,open,V1d,stim500pre,accuracy,incorrect,-0.412806537838816
sub039,open,V1d,stim500pre,accuracy_e,correct_e,0.0462568781398157
sub039,open,V1d,stim500pre,accuracy_e,incorrect_e,-0.412806537838816
sub039,open,V1d,stim500pre,rt,fast,0.13598451792326
sub039,open,V1d,stim500pre,rt,slow,0.0450640048919766
sub039,open,V1v,stim500pre,accuracy,correct,0.0102291084834481
sub039,open,V1v,stim500pre,accuracy,incorrect,-0.37645683590899
sub039,open,V1v,stim500pre,accuracy_e,correct_e,-0.149842537763165
sub039,open,V1v,stim500pre,accuracy_e,incorrect_e,-0.37645683590899
sub039,open,V1v,stim500pre,rt,fast,0.000510126204336388
sub039,open,V1v,stim500pre,rt,slow,0.0255849121696048
sub039,open,V2d,stim500pre,accuracy,correct,0.158030583317495
sub039,open,V2d,stim500pre,accuracy,incorrect,-0.220470251320825
sub039,open,V2d,stim500pre,accuracy_e,correct_e,0.562024154696874
sub039,open,V2d,stim500pre,accuracy_e,incorrect_e,-0.220470251320825
sub039,open,V2d,stim500pre,rt,fast,0.24024461597263
sub039,open,V2d,stim500pre,rt,slow,0.0885370557449904
sub039,open,V3a,stim500pre,accuracy,correct,-0.0575906326298498
sub039,open,V3a,stim500pre,accuracy,incorrect,0.114179688094163
sub039,open,V3a,stim500pre,accuracy_e,correct_e,0.197412501452433
sub039,open,V3a,stim500pre,accuracy_e,incorrect_e,0.114179688094163
sub039,open,V3a,stim500pre,rt,fast,0.176649320872892
sub039,open,V3a,stim500pre,rt,slow,-0.258082049111485
sub039,open,V3b,stim500pre,accuracy,correct,0.10222556653355
sub039,open,V3b,stim500pre,accuracy,incorrect,-0.197893525801864
sub039,open,V3b,stim500pre,accuracy_e,correct_e,-0.312867232124264
sub039,open,V3b,stim500pre,accuracy_e,incorrect_e,-0.197893525801864
sub039,open,V3b,stim500pre,rt,fast,0.215929222098536
sub039,open,V3b,stim500pre,rt,slow,-0.0351823579970076
sub039,open,V3d,stim500pre,accuracy,correct,0.254276378652875
sub039,open,V3d,stim500pre,accuracy,incorrect,-0.170637807038482
sub039,open,V3d,stim500pre,accuracy_e,correct_e,0.330897364381697
sub039,open,V3d,stim500pre,accuracy_e,incorrect_e,-0.170637807038482
sub039,open,V3d,stim500pre,rt,fast,0.444261538461116
sub039,open,V3d,stim500pre,rt,slow,0.106532298742068
sub039,open,V3v,stim500pre,accuracy,correct,0.223557248820915
sub039,open,V3v,stim500pre,accuracy,incorrect,-0.382038306391291
sub039,open,V3v,stim500pre,accuracy_e,correct_e,0.181232951845649
sub039,open,V3v,stim500pre,accuracy_e,incorrect_e,-0.382038306391291
sub039,open,V3v,stim500pre,rt,fast,0.356161578894381
sub039,open,V3v,stim500pre,rt,slow,0.0721110936403986
sub039,closed,V1d,stim500pre,accuracy,correct,-0.0610425147596909
sub039,closed,V1d,stim500pre,accuracy,incorrect,-0.243478378255823
sub039,closed,V1d,stim500pre,accuracy_e,correct_e,-0.149672574776715
sub039,closed,V1d,stim500pre,accuracy_e,incorrect_e,-0.243478378255823
sub039,closed,V1d,stim500pre,rt,fast,-0.193504673426487
sub039,closed,V1d,stim500pre,rt,slow,0.0812451875057254
sub039,closed,V1v,stim500pre,accuracy,correct,-0.0353372461130224
sub039,closed,V1v,stim500pre,accuracy,incorrect,-0.165968535528371
sub039,closed,V1v,stim500pre,accuracy_e,correct_e,0.110490873552708
sub039,closed,V1v,stim500pre,accuracy_e,incorrect_e,-0.165968535528371
sub039,closed,V1v,stim500pre,rt,fast,-0.118899434751952
sub039,closed,V1v,stim500pre,rt,slow,0.0478475489342777
sub039,closed,V2d,stim500pre,accuracy,correct,-0.0665425182264771
sub039,closed,V2d,stim500pre,accuracy,incorrect,-0.395641235843102
sub039,closed,V2d,stim500pre,accuracy_e,correct_e,-0.104226349613361
sub039,closed,V2d,stim500pre,accuracy_e,incorrect_e,-0.395641235843102
sub039,closed,V2d,stim500pre,rt,fast,-0.264132781419048
sub039,closed,V2d,stim500pre,rt,slow,0.147750215166653
sub039,closed,V3a,stim500pre,accuracy,correct,-0.0505557545215631
sub039,closed,V3a,stim500pre,accuracy,incorrect,0.105585192690294
sub039,closed,V3a,stim500pre,accuracy_e,correct_e,-0.0915477358241629
sub039,closed,V3a,stim500pre,accuracy_e,incorrect_e,0.105585192690294
sub039,closed,V3a,stim500pre,rt,fast,-0.0595341301102715
sub039,closed,V3a,stim500pre,rt,slow,-0.0401369743700277
sub039,closed,V3b,stim500pre,accuracy,correct,-0.0750806999286876
sub039,closed,V3b,stim500pre,accuracy,incorrect,-0.452242021760787
sub039,closed,V3b,stim500pre,accuracy_e,correct_e,0.555879007797393
sub039,closed,V3b,stim500pre,accuracy_e,incorrect_e,-0.452242021760787
sub039,closed,V3b,stim500pre,rt,fast,-0.0675114947012291
sub039,closed,V3b,stim500pre,rt,slow,-0.0817117051231184
sub039,closed,V3d,stim500pre,accuracy,correct,-0.0666501260021908
sub039,closed,V3d,stim500pre,accuracy,incorrect,-0.43523907550823
sub039,closed,V3d,stim500pre,accuracy_e,correct_e,-0.182670216322942
sub039,closed,V3d,stim500pre,accuracy_e,incorrect_e,-0.43523907550823
sub039,closed,V3d,stim500pre,rt,fast,-0.245868751295113
sub039,closed,V3d,stim500pre,rt,slow,0.137550598171414
sub039,closed,V3v,stim500pre,accuracy,correct,-0.0650429376364234
sub039,closed,V3v,stim500pre,accuracy,incorrect,-0.149888776536137
sub039,closed,V3v,stim500pre,accuracy_e,correct_e,-0.249989502937921
sub039,closed,V3v,stim500pre,accuracy_e,incorrect_e,-0.149888776536137
sub039,closed,V3v,stim500pre,rt,fast,-0.0684139225867825
sub039,closed,V3v,stim500pre,rt,slow,-0.0618218279088535
